16 16
-0.376567 0.299756 0.035152 -0.550605 0.176617 -0.559565 0.262206 0.810840 -0.858285 0.337956 -0.735376 0.142086 0.569239 -0.619180 -0.137898 -0.065951
0.346729 -0.803164 -0.321395 -0.502687 -0.102773 -0.442910 0.846531 0.722698 -0.898823 0.672055 0.852734 -0.667378 -0.572505 -0.882729 0.970618 0.568141
-0.153985 0.990845 0.436817 -0.406584 0.158361 0.495951 0.168355 0.705440 0.921558 -0.628350 0.350425 -0.760227 -0.507569 0.238763 0.167345 0.869413
0.432384 -0.208428 -0.400006 0.503729 -0.083429 0.992193 -0.573691 0.866519 0.758540 -0.684506 0.407080 0.974466 -0.984354 -0.401242 0.877860 -0.769143
0.106447 0.209660 -0.592805 -0.472032 0.810673 -0.815403 -0.446640 0.542238 -0.476089 0.103361 -0.980661 0.766213 0.091181 0.165019 -0.745109 0.797963
0.721405 -0.579847 -0.794413 0.768269 0.241323 0.859762 0.952412 0.762832 0.473129 0.861632 0.728128 -0.466389 -0.783809 0.717187 0.633173 -0.389618
-0.544809 -0.613740 0.728706 -0.441750 -0.200643 0.072431 -0.769316 -0.642864 -0.469067 -0.130872 -0.372645 0.022846 0.153176 0.417571 0.851150 0.438860
0.341257 -0.860052 -0.339600 0.696031 -0.399355 -0.183214 -0.408690 -0.159107 0.354636 0.231030 0.095874 -0.426173 0.159970 -0.070024 -0.572597 0.802362
-0.660617 0.030904 -0.329623 0.502276 -0.550719 -0.951149 -0.049727 -0.854344 0.259531 0.392709 -0.512031 -0.988910 0.540092 -0.149708 0.915932 -0.899563
0.696673 0.602833 0.975785 0.900079 0.225305 0.009556 0.095744 0.487311 -0.481617 0.275323 0.042600 -0.450805 -0.428544 -0.360581 -0.723252 0.387900
-0.871542 0.085222 -0.586331 0.809677 0.391046 0.531189 -0.988208 0.506950 0.906861 0.495031 0.206505 -0.561157 -0.941950 0.358284 -0.669911 -0.744744
-0.946067 0.128784 0.285499 -0.076603 -0.241792 -0.346308 -0.241748 0.663849 -0.836188 0.078838 -0.300079 0.562466 0.508466 -0.601279 -0.695235 0.338918
-0.564071 0.533796 0.214495 -0.770934 0.929442 -0.948643 0.354695 -0.206691 -0.848007 0.254485 0.544962 0.200823 0.967689 -0.305592 -0.258858 -0.317538
0.644662 0.921575 0.657415 -0.129026 0.930947 0.616398 -0.033005 0.462052 0.703426 -0.826674 -0.512273 0.220663 -0.942600 -0.636320 0.595665 0.760640
-0.447463 0.896125 0.440149 0.516329 0.291806 0.585866 -0.556807 -0.387588 -0.053479 -0.148992 -0.338417 -0.458167 -0.758688 -0.760891 0.524379 -0.567231
0.449170 0.049274 -0.798948 -0.545034 -0.971703 -0.451377 0.106718 -0.747441 -0.018243 0.148128 -0.119062 -0.897247 -0.044542 -0.198585 0.258891 -0.701605
