32 32
-0.343755 0.494028 -0.239585 0.000525 0.612400 0.723529 -0.962517 0.724220 0.146799 -0.164612 -0.958287 0.602644 0.664052 -0.823740 -0.513367 0.047925 -0.379451 -0.333863 0.020967 0.019904 -0.301249 0.637897 -0.527462 -0.605456 0.520431 -0.645708 -0.011766 0.519754 0.848309 0.270597 0.728494 -0.698085
-0.115584 -0.450653 0.014674 -0.096172 0.663393 0.728500 0.230017 -0.074577 0.583636 -0.100533 0.303675 -0.048742 -0.876253 0.798254 0.428631 -0.654882 -0.124483 0.045496 -0.254296 -0.182461 0.195772 0.294611 -0.810988 -0.431706 0.313128 0.746559 0.165479 -0.300358 0.396960 0.190082 -0.380836 0.583324
0.340233 0.477549 0.052787 -0.153187 -0.274805 -0.571615 -0.027458 -0.724869 0.688857 0.541749 0.767364 -0.326471 -0.737902 -0.675506 0.542196 -0.668922 -0.178283 -0.524940 -0.430144 -0.102144 -0.381064 -0.061969 -0.264318 0.968880 -0.436457 0.054920 0.633782 -0.723203 0.282358 0.109081 0.691785 -0.429874
-0.454417 -0.705303 0.892827 -0.097744 -0.946660 0.004014 0.989051 -0.943625 0.678353 0.582761 -0.426241 0.392144 0.411072 -0.989498 -0.488152 0.097608 0.055543 -0.423797 -0.904501 0.587798 -0.778284 0.193478 0.030751 -0.712846 0.229619 -0.166865 -0.828772 -0.864641 0.014655 0.108304 -0.059730 0.962079
-0.967516 -0.310395 0.256514 0.470374 -0.911329 0.627018 0.558285 0.390779 0.622995 0.552381 -0.413115 -0.601060 0.866742 0.978245 -0.493372 -0.617793 0.561683 -0.336151 -0.263962 0.486615 -0.226710 -0.007594 0.848621 0.602296 -0.842146 0.644683 -0.357577 0.321838 0.205243 0.379530 -0.915290 -0.294881
-0.450889 0.895809 0.275025 0.602192 0.905579 0.215146 -0.930402 0.557031 -0.234291 0.210190 0.897647 0.526169 0.058920 0.299121 -0.773103 -0.001912 0.123345 -0.479420 0.992730 0.832958 -0.754725 -0.095915 -0.109778 0.363859 -0.360824 -0.870122 0.782663 0.423618 0.275400 0.017511 -0.598039 0.580746
0.108043 0.607323 0.223897 -0.381419 0.437739 0.538329 -0.852499 0.284677 0.360218 0.755920 0.279588 0.932529 0.821425 -0.751678 -0.670686 0.418664 0.881808 0.691867 0.270114 -0.749659 0.066956 -0.662728 -0.691611 0.441266 0.685060 0.650473 -0.909076 0.153542 0.533918 0.277982 0.254328 0.913300
0.609376 -0.405132 -0.880174 -0.031498 0.213321 0.436726 0.721555 -0.738468 0.123302 -0.067055 -0.504162 -0.419576 0.230755 0.730615 -0.345128 -0.374570 -0.003469 -0.002481 -0.953647 0.010889 -0.569711 -0.898919 0.764679 -0.058826 0.694345 0.764911 0.527714 -0.198837 -0.610689 -0.852937 0.528808 0.978181
-0.762378 -0.212193 -0.321829 0.509930 0.018245 -0.909393 -0.333919 -0.086023 0.031011 0.226136 0.981231 -0.401531 0.656579 0.417480 0.631498 0.347613 0.167404 0.450648 -0.946706 0.934141 0.552324 0.442800 -0.658976 0.239472 -0.704449 -0.936859 -0.780209 -0.372615 0.381001 0.549945 0.745635 -0.875437
-0.585317 0.324454 -0.372495 0.824248 -0.291426 0.441849 0.386627 -0.615472 0.116173 0.945821 -0.421992 0.409977 -0.302394 0.590811 -0.756252 -0.240612 0.636755 0.609232 -0.424739 -0.307273 -0.487112 -0.595864 0.866048 -0.725454 0.173661 0.339668 0.275889 -0.173397 -0.798910 -0.989637 0.858199 0.870064
-0.045103 0.927828 0.291796 -0.821079 0.070305 0.873339 -0.649870 -0.648423 0.994344 -0.009232 0.924263 0.753486 0.135924 0.965988 0.978199 -0.012175 0.702119 -0.614377 -0.675011 -0.485470 0.473236 0.135562 -0.649010 0.794086 0.030561 0.338512 -0.718776 -0.503906 -0.528957 0.908070 0.445765 0.307367
-0.875751 -0.386387 0.005041 0.407114 -0.765169 -0.409925 -0.561743 -0.693629 0.211478 0.098469 0.075035 -0.563177 0.509479 -0.836259 0.407532 0.128337 0.095298 0.145403 -0.343765 -0.767520 0.166295 0.020751 -0.093135 -0.086403 -0.075243 0.446560 0.632906 0.156623 -0.310942 0.988247 -0.861962 -0.936530
0.537944 0.956667 -0.159276 -0.235041 0.813535 0.365461 0.078601 -0.304460 0.074517 0.455716 -0.993053 -0.403274 0.088891 0.646721 -0.307681 0.874821 -0.774311 -0.161519 0.767513 -0.587837 -0.932847 0.406573 0.481082 -0.531321 0.727460 0.007792 0.631573 -0.362193 0.345064 -0.396471 0.320425 -0.398998
0.897041 0.823155 -0.145599 0.944580 0.342685 -0.362531 -0.701565 0.508832 0.698682 0.415154 0.829482 0.935572 -0.731814 -0.593327 0.844452 -0.815072 -0.619037 0.347344 0.747241 0.523393 0.117701 0.738948 0.914040 0.874320 -0.765368 -0.042158 0.208803 0.830253 0.551028 0.067300 -0.476877 -0.005445
0.962637 0.679462 -0.258590 0.125049 -0.708155 0.869517 -0.164844 -0.340269 0.666725 0.309216 -0.485346 0.933017 -0.018809 0.589951 0.440627 0.833799 0.283619 -0.932352 0.890376 0.528678 0.685089 0.414339 0.011466 0.235670 0.233039 -0.024291 0.103287 0.058835 0.954959 0.626314 0.612335 -0.785967
-0.702205 0.052912 -0.465351 -0.253897 0.130004 -0.548285 0.695734 0.716438 -0.812999 0.105403 -0.981100 -0.000283 0.568753 0.715921 0.056318 -0.577166 0.775109 -0.906876 0.851170 0.127020 0.857533 0.922938 0.504509 -0.203408 -0.675099 0.669301 0.793052 0.511219 0.976956 0.001586 -0.892607 0.677349
0.538011 -0.206594 -0.940749 0.985172 -0.288378 -0.136304 0.321344 0.237232 0.426217 -0.691558 0.267802 -0.366644 -0.989610 -0.280165 -0.734986 -0.102313 -0.183912 -0.292171 0.196088 -0.229524 -0.224401 0.802272 0.956346 -0.660834 -0.722320 -0.013752 -0.130647 -0.031537 -0.496601 0.250067 -0.608904 -0.390684
-0.335566 0.608153 -0.330528 0.719017 -0.727751 0.894558 -0.371633 0.937450 0.389916 0.151759 -0.247889 -0.214130 0.127701 0.091258 0.100198 -0.076756 -0.123090 0.385671 0.591314 -0.001394 -0.515958 0.430473 -0.852070 -0.041531 0.013225 0.383418 0.581442 0.791003 0.276361 0.537908 -0.289982 -0.911407
0.354944 0.505366 -0.139089 -0.482523 0.037596 0.150471 -0.217732 0.177180 -0.310065 -0.790901 0.923456 0.881352 -0.376219 -0.586265 -0.047675 0.393527 -0.399472 -0.769829 0.295940 -0.671292 -0.512174 -0.679729 0.916925 -0.189905 0.280958 -0.941615 -0.605351 -0.222328 -0.588431 0.617460 -0.796496 -0.626080
-0.084899 0.725273 0.278217 0.222617 -0.304151 0.234725 0.411977 0.228969 -0.732104 -0.389240 0.386873 -0.163522 -0.232580 0.271003 0.290520 0.109825 -0.719407 -0.097998 -0.281922 -0.726931 0.927658 -0.010060 -0.168739 -0.022601 -0.938279 -0.415820 0.075217 -0.085357 0.531839 -0.773578 0.550226 -0.266276
-0.916779 0.092707 -0.795167 0.502691 0.998625 -0.302846 -0.121860 0.551263 0.621405 -0.298738 0.265541 -0.721530 -0.586115 -0.298369 0.077537 0.408108 -0.465314 0.970977 -0.809550 0.571382 0.984972 -0.746224 -0.500646 0.656964 0.352469 0.154851 -0.171550 0.267256 -0.813810 -0.443549 -0.261858 -0.345421
0.548271 0.461864 0.328288 -0.873339 -0.564340 -0.576297 0.656687 0.155867 -0.029324 0.365104 -0.800851 -0.080836 0.715303 -0.998648 -0.595364 -0.736174 -0.682045 -0.451961 -0.499221 0.807601 -0.207317 0.398883 0.310970 -0.997827 -0.734600 0.359965 0.391194 0.976310 -0.735650 -0.233860 -0.795146 0.761978
0.546921 -0.733708 -0.714294 -0.983051 -0.119801 0.256160 -0.176580 0.719925 -0.799070 0.179148 0.926497 -0.720340 -0.831503 0.200016 0.557939 0.695784 -0.396701 0.019045 -0.408916 0.795825 -0.010225 -0.000835 0.056573 0.973765 -0.736034 0.136761 0.365884 0.908906 -0.966621 -0.475629 -0.879062 0.013221
0.002098 0.403621 0.073130 -0.445065 0.022609 0.616120 -0.218537 0.669053 -0.867770 0.459917 -0.884188 -0.131033 0.217665 0.483387 -0.761114 0.402999 0.906032 0.565974 -0.666074 0.562248 0.772830 -0.941287 -0.456039 0.424646 -0.845860 -0.279752 0.133772 -0.489768 0.147825 -0.543191 -0.911924 -0.510897
-0.234041 0.862320 0.105730 0.481332 -0.356396 0.440576 -0.844226 0.004082 -0.641311 0.962828 -0.862147 -0.435386 -0.345398 -0.984062 0.127613 0.245435 0.183382 0.545227 0.800887 -0.509746 -0.179928 -0.307153 0.754397 -0.997076 0.698012 -0.792102 -0.523665 -0.880210 0.423305 0.842549 0.039518 -0.255016
-0.830195 -0.732972 -0.850339 -0.130034 -0.526457 -0.369982 0.401451 -0.363885 -0.850625 0.559874 -0.689179 -0.067890 0.071849 -0.584728 -0.469984 -0.684769 0.652773 -0.919340 -0.344413 -0.503562 0.026919 -0.479666 -0.937836 -0.095598 -0.500295 0.607794 -0.976086 0.965134 0.647347 0.260595 0.164648 0.625494
-0.871056 -0.113137 0.810156 -0.336900 -0.078010 0.147768 -0.210003 0.366426 -0.570568 -0.440291 -0.930701 -0.508430 -0.176016 -0.878042 -0.725528 0.769305 0.261509 0.589692 0.563832 0.089036 0.825354 -0.223237 -0.362245 0.791530 -0.882818 0.058865 0.999211 -0.799731 -0.466946 0.834519 0.992784 0.693010
-0.290391 0.690442 0.185039 0.395253 -0.943587 0.895117 0.126218 0.976012 -0.015547 -0.019127 -0.534753 0.052897 0.835792 -0.739021 0.837562 -0.352822 0.173218 0.548733 0.721339 -0.252818 -0.208809 -0.396470 -0.684992 0.583685 0.298361 0.937486 0.857690 -0.553526 -0.649297 0.376997 0.457662 0.897396
0.988566 -0.935235 0.842076 -0.558209 0.873376 0.490687 0.964759 0.770641 0.417932 0.773307 -0.469575 -0.864410 -0.783931 -0.228126 0.938204 -0.013836 0.092048 -0.041021 0.301939 -0.674687 0.691525 -0.362566 -0.851599 -0.249084 0.094093 -0.813791 0.227289 -0.938014 -0.670006 -0.685792 -0.588899 0.394393
0.459948 -0.436954 -0.900729 0.679709 -0.278342 -0.410901 0.200431 -0.948529 -0.416377 0.687538 -0.205065 0.322080 0.088252 0.770985 -0.108449 -0.069884 -0.462876 0.504470 -0.828585 0.082898 0.179453 0.681594 -0.162736 0.733788 0.763308 -0.842090 0.428611 0.800910 0.355070 -0.759436 -0.654242 0.944330
-0.747628 0.976560 0.994538 0.668216 0.821609 -0.865976 -0.205290 -0.447598 0.746933 0.246116 -0.160812 -0.703601 0.516755 0.849856 -0.798019 0.071267 -0.178220 -0.028830 -0.925069 -0.712295 0.387323 0.779148 -0.524841 0.841670 -0.959534 -0.393890 -0.016762 -0.803565 -0.731229 -0.113779 -0.461160 0.291110
-0.577219 0.481890 0.734378 0.030539 -0.377754 -0.728700 0.758665 -0.614473 0.673953 -0.087103 0.409268 0.647013 0.270820 -0.938874 0.188087 0.740962 -0.300480 0.788984 0.377701 -0.226869 0.144516 0.714222 0.355390 -0.180986 0.560607 -0.982204 0.294743 -0.983073 0.610171 0.934049 -0.152386 -0.302582
