64 64
0.848964 -0.691465 0.340132 -0.856508 0.442678 -0.126530 -0.830673 -0.168289 0.577857 -0.148592 0.018830 -0.099908 -0.628418 0.155877 -0.526500 -0.178324 -0.266060 0.136299 -0.773671 0.380995 0.462586 0.967337 -0.070127 0.779831 -0.055097 0.920822 0.267375 -0.375001 -0.312908 -0.062262 -0.061535 -0.157968 0.596446 -0.929348 0.498851 0.127413 -0.053679 -0.896760 0.617792 -0.426369 0.011192 -0.444302 -0.438056 -0.971594 -0.650772 -0.697729 0.615681 0.401550 0.598744 -0.314304 -0.709859 -0.691699 0.987171 -0.524105 0.275149 0.468722 0.284522 -0.768011 -0.202510 0.492301 0.065042 0.411216 -0.709700 -0.976274
-0.102359 0.923525 -0.917965 0.274848 -0.136428 0.716711 -0.465824 0.308687 0.546302 0.468627 -0.610149 0.380557 0.095225 0.663379 -0.804602 -0.108116 -0.433406 -0.952599 0.877011 0.670918 0.276166 -0.760046 -0.740185 0.799794 0.934331 0.391307 -0.066089 0.277561 -0.447233 0.806783 -0.353192 -0.852006 -0.234402 -0.879883 -0.470670 -0.016556 0.220604 -0.015885 0.537415 0.286676 0.430801 -0.854161 -0.498807 0.793025 0.280671 0.329212 0.400110 0.149281 0.879822 -0.127885 0.561874 0.080257 0.908311 -0.035867 0.870084 0.363671 0.264545 -0.818666 0.921851 -0.080721 0.295585 -0.921338 -0.617994 0.792921
-0.281478 0.265583 -0.720114 0.439478 -0.021535 0.081104 0.067880 -0.101385 -0.925915 0.575557 -0.763626 0.334633 0.356156 -0.702093 0.849632 -0.716819 -0.057561 -0.908397 -0.738925 -0.900084 0.587394 -0.658621 0.635600 -0.005713 -0.558855 -0.147577 0.964386 -0.351530 0.151934 0.672854 0.528456 -0.328993 -0.717526 0.392592 -0.122678 -0.918602 0.694733 0.555323 -0.026065 -0.641174 0.303512 -0.167556 0.545125 -0.587680 0.046174 0.876179 -0.924758 -0.000225 0.254383 -0.304293 -0.528722 0.060398 -0.276197 0.079446 0.540663 -0.447147 0.593226 0.937148 -0.647352 -0.913769 -0.429871 -0.331411 0.516816 0.480834
-0.648225 -0.029877 0.790158 0.185413 -0.602497 -0.348630 -0.347736 0.475496 -0.248935 -0.058019 0.780978 0.855774 -0.225339 0.439642 0.951112 -0.745576 -0.880697 0.703303 -0.657597 0.772818 0.579094 0.223056 0.940272 -0.827051 -0.021573 0.183162 -0.441658 0.472358 -0.345408 0.783645 -0.702061 -0.989845 -0.919883 0.537213 0.062243 0.596035 -0.095117 0.116974 0.463573 -0.734576 0.295280 -0.040434 0.406609 0.494573 -0.090318 0.748398 0.579717 -0.071408 0.720765 0.786869 -0.934572 -0.460421 0.084870 0.575384 0.761694 -0.890377 0.349306 -0.778067 0.238267 -0.649465 -0.865988 -0.590575 -0.522735 -0.043013
0.160239 -0.580412 -0.549126 -0.465284 -0.445709 -0.309547 0.053365 0.419651 0.065711 0.241903 0.890731 0.881752 0.783806 -0.839659 -0.423255 -0.781270 0.394164 0.749986 0.254552 0.939149 -0.735945 -0.112280 -0.416966 0.743587 0.894897 -0.176617 0.292102 0.186715 0.683816 -0.391835 0.578697 -0.479985 0.941448 -0.905362 -0.088147 0.848263 -0.429507 0.678663 0.332712 -0.524189 -0.366748 -0.479186 0.124974 -0.366112 -0.254170 -0.674805 0.840868 -0.001166 -0.083919 -0.991411 0.951202 0.410903 -0.420346 0.961380 -0.705833 0.813762 0.378294 0.800349 0.101920 -0.196740 -0.108055 -0.889933 0.166863 0.871330
-0.954903 -0.109084 -0.825246 -0.611100 0.210156 0.816894 -0.704108 -0.260740 -0.430699 0.955047 -0.824803 -0.111559 0.607371 0.611346 -0.152336 -0.720865 -0.827844 -0.050774 0.973277 0.920191 -0.823103 0.828821 0.111628 0.510487 -0.627987 0.107734 0.652497 -0.392171 -0.073096 -0.995107 0.912053 -0.054918 0.785373 -0.016227 -0.510499 -0.445566 -0.866550 0.162132 0.736692 -0.047919 -0.760833 0.150527 -0.674306 -0.360638 -0.729005 -0.454659 0.824209 -0.420288 0.872634 0.532885 -0.810983 0.087425 0.653644 -0.397855 0.376693 0.160093 -0.974205 -0.253972 -0.319374 -0.795164 -0.557773 0.794113 0.662832 0.064191
0.512613 -0.079017 0.637689 -0.040964 -0.274863 0.779453 0.527179 0.419790 0.629148 0.713630 -0.546851 -0.739563 0.381636 -0.844529 0.514668 -0.784365 0.026958 -0.762156 -0.867505 0.509101 0.840196 0.802350 -0.296933 0.691723 0.897583 -0.678885 0.457108 0.140471 0.156267 -0.566004 -0.436286 0.074253 -0.802629 0.008391 -0.267074 -0.120668 -0.638303 -0.240770 -0.544892 0.969226 -0.779368 0.524547 0.114264 -0.343769 -0.432777 -0.375986 -0.112088 -0.418821 -0.622430 0.682117 0.358262 0.997447 -0.789656 0.317097 -0.713265 0.181114 0.850581 -0.870579 -0.322737 0.981323 0.676218 -0.442963 0.163837 0.578985
-0.199529 0.206331 -0.030934 0.535999 -0.498620 0.256742 -0.800793 -0.863543 0.944145 0.358409 0.243934 -0.846965 0.535144 -0.596136 -0.019499 -0.312769 0.093240 -0.936803 0.829878 -0.370882 -0.080688 0.113333 -0.393911 -0.017041 0.431446 -0.781236 0.320157 0.144420 0.708703 -0.217230 0.941742 -0.294472 -0.359034 -0.909763 -0.302246 -0.946200 -0.317487 -0.309714 -0.297461 -0.504772 0.185063 -0.869000 -0.324811 -0.347766 0.726737 0.802820 0.391917 0.971530 -0.219398 0.616653 0.350223 0.005537 -0.320921 -0.273331 -0.006097 0.574299 0.071668 -0.904937 -0.195945 0.485776 0.688374 -0.326324 0.602371 -0.580522
0.303074 0.608253 0.079895 -0.195398 -0.093543 -0.638798 0.406663 0.153687 0.924234 -0.065409 0.065439 0.538238 0.132233 0.044539 -0.704513 0.370613 -0.129222 0.660429 -0.592884 0.647421 -0.487107 -0.188268 -0.616168 0.654458 0.119650 0.293844 -0.681283 -0.483206 0.317341 0.705042 -0.028316 0.719168 0.203199 0.801150 -0.273132 -0.819387 0.448469 -0.776135 0.865871 0.657963 0.863111 0.769130 -0.755446 -0.341428 -0.220099 -0.528124 -0.711444 0.939847 -0.491388 -0.019283 0.897422 -0.152437 0.926631 0.873945 0.431342 -0.957852 0.211629 0.324447 0.381365 -0.520648 -0.381463 -0.274290 -0.755892 0.715294
0.819578 0.955986 -0.819499 -0.529079 0.780493 0.262705 0.533482 -0.932237 0.646396 -0.057817 0.682327 0.753522 0.648802 0.012669 0.204232 0.475571 -0.945298 0.283185 0.582039 -0.198676 -0.372556 -0.684355 0.939329 0.526325 0.371507 -0.361202 0.470344 0.374934 0.599057 -0.171007 0.752780 0.768683 0.896218 0.294213 0.813690 -0.603468 -0.662488 -0.142193 -0.821877 0.894487 0.437167 0.839978 0.347220 0.427127 0.723873 -0.424076 -0.739601 0.200166 -0.434066 -0.163338 -0.708114 -0.476401 0.814656 0.368534 -0.979360 -0.353508 0.373705 0.416906 -0.487549 -0.882495 -0.530317 0.993479 0.934420 0.496484
-0.492686 -0.394985 -0.258198 0.119121 -0.479417 0.860654 -0.736161 0.060848 -0.766316 -0.744257 0.669608 0.852474 0.753873 0.523128 -0.373979 -0.368914 0.527351 0.706067 0.596440 -0.702758 -0.928276 0.411926 0.990403 -0.918417 0.418058 -0.014023 0.733759 -0.812844 -0.638690 0.017476 0.781789 0.167095 0.052031 -0.167162 0.536507 0.774735 0.362625 -0.211660 0.902440 -0.692449 0.661398 -0.091889 0.188409 0.939541 0.901792 0.463090 0.914806 -0.577266 0.287288 -0.888930 0.903800 -0.202283 0.930099 -0.821623 -0.674119 -0.430128 0.308129 -0.018310 0.612706 0.369924 0.331041 0.025306 0.770826 0.126114
0.512981 0.227736 -0.147966 -0.316510 -0.551540 -0.689861 0.259119 -0.418594 0.814415 -0.702787 0.805807 0.046184 -0.904543 -0.909810 -0.150173 0.321711 -0.493239 -0.836461 -0.772129 -0.640896 -0.214085 0.753511 0.174417 0.340520 -0.469851 0.742690 -0.629825 0.208106 -0.787339 -0.988306 -0.656529 0.383612 0.931608 -0.026555 0.947844 0.347606 -0.210006 -0.749821 -0.776175 0.941041 -0.581541 0.299480 0.252118 -0.618171 -0.073149 -0.956366 -0.695156 0.927734 0.719593 -0.597323 0.667677 -0.984251 0.426186 0.697233 0.191679 -0.418451 -0.027798 0.222991 0.633378 0.428581 -0.155991 -0.872979 -0.165725 -0.010422
-0.306472 -0.958386 -0.615597 -0.535794 0.818140 0.204200 0.313916 -0.413212 0.919607 0.346215 0.591945 0.689063 -0.435086 0.334113 -0.601032 -0.798193 0.987534 -0.581134 -0.963739 -0.285912 0.655897 -0.936060 -0.138759 -0.758624 -0.484356 -0.289518 0.755427 -0.697643 0.030775 0.412810 -0.124347 0.683194 -0.788216 0.564313 0.647220 -0.789178 0.741739 -0.685935 -0.116964 0.465104 0.294186 -0.724455 -0.121783 0.538066 0.618290 0.010045 -0.255127 -0.278713 -0.696778 -0.156556 0.603537 -0.181381 0.704781 -0.276451 -0.708831 0.612494 -0.830444 0.963890 -0.877063 0.320352 0.805022 0.263215 0.320723 -0.408551
0.361741 -0.391354 0.818462 -0.440439 0.840901 -0.107622 0.088851 0.304074 0.775350 -0.190989 -0.396937 -0.331014 0.480104 0.983848 -0.814361 0.042672 -0.679945 0.593197 -0.517320 0.453018 -0.779116 -0.254042 -0.291053 0.301925 -0.404078 -0.093706 0.610775 0.131194 0.255489 0.191098 -0.430929 0.429709 0.428702 -0.504733 0.164738 -0.277465 0.423281 -0.836106 0.777019 -0.107672 0.052511 0.037890 -0.472613 -0.153156 0.862071 0.946545 -0.711308 0.422301 0.409049 -0.763884 -0.053289 0.888139 0.903644 -0.182760 0.143530 -0.693391 0.982040 -0.028149 -0.715720 -0.902698 0.778114 0.638250 -0.755344 0.740853
0.146118 0.800575 -0.049545 0.211419 0.009528 -0.100141 0.732691 0.599623 -0.180743 -0.209206 0.916159 0.471826 0.731907 0.143990 0.414798 -0.752437 -0.615147 0.153711 0.140489 -0.048329 -0.759434 -0.640513 0.573514 0.411235 -0.111541 0.213710 -0.910033 -0.953474 -0.170127 -0.365235 -0.770711 -0.663688 -0.488891 -0.386412 -0.661618 -0.349419 -0.882996 -0.359917 -0.351564 0.655483 -0.594881 0.172058 0.504780 -0.769837 -0.070353 -0.031657 -0.532519 -0.461681 0.350195 0.109415 -0.390774 -0.832183 -0.593086 -0.253390 0.564047 -0.152495 -0.096516 -0.070696 -0.421501 -0.998914 -0.035627 0.678975 -0.297164 0.170318
-0.909031 0.126163 -0.209390 -0.720699 -0.441083 0.220891 -0.363392 -0.314729 0.505388 -0.508143 -0.316740 0.199027 0.383690 -0.995905 0.802890 -0.173674 0.406599 0.076263 0.298195 -0.938105 0.343226 -0.294011 0.654934 -0.645627 0.394060 -0.074615 -0.110845 -0.960437 0.842797 -0.820067 -0.393643 -0.531484 -0.274002 0.809015 -0.581827 0.642247 0.739832 -0.011977 0.319677 0.364767 -0.869279 -0.869901 0.139807 0.046160 -0.616297 0.983903 0.065883 0.120232 0.875781 0.886148 0.877519 0.990213 0.360347 -0.277056 0.767605 -0.444134 -0.102277 -0.610784 0.143639 0.474888 -0.152359 -0.500032 -0.378388 -0.806548
0.616118 0.252594 -0.499181 -0.523282 -0.891134 0.588222 0.551499 0.528197 0.157869 -0.878626 -0.373441 -0.869944 0.838232 -0.397058 -0.868419 0.118516 -0.237089 0.503927 0.199152 -0.978787 0.590329 0.238461 0.875170 -0.091846 -0.615037 0.190350 0.578833 0.146424 -0.487428 0.449246 -0.513695 -0.879018 -0.128304 0.508747 0.770444 -0.705182 -0.314199 -0.983836 0.356601 0.014216 0.717404 -0.609186 0.817000 -0.316896 0.389563 0.199525 0.156821 0.232206 -0.675440 0.578383 -0.561188 -0.553950 0.247840 0.469172 -0.336970 -0.589367 0.979756 -0.852538 -0.769621 -0.611193 0.531065 -0.940629 -0.651707 0.437673
0.109010 -0.957016 0.821298 0.354905 0.574828 0.872228 -0.519700 0.321817 0.954204 0.763328 -0.869245 0.848311 -0.616637 -0.251489 0.953963 -0.907610 -0.621796 0.579176 -0.893482 0.745703 0.936769 -0.581525 -0.058665 -0.870254 0.502616 0.018317 -0.071465 -0.252243 0.431300 -0.463329 0.842370 -0.926791 -0.593999 -0.208200 0.777418 0.870998 0.101104 -0.831944 -0.296850 -0.069494 -0.147795 -0.182094 -0.365959 -0.640869 0.290710 -0.835163 0.025582 0.571747 -0.803182 -0.923437 -0.606707 -0.394569 0.367079 0.411285 0.996810 0.479642 -0.982932 0.644618 -0.192378 0.159908 -0.055992 0.522321 -0.204989 0.498274
0.031651 0.515243 -0.077198 -0.373850 0.540262 -0.580830 0.116894 0.155017 0.886708 0.620803 -0.320356 0.371526 0.557287 -0.347841 0.570716 -0.692618 -0.339499 0.206006 0.733890 -0.591591 0.068981 -0.782723 -0.096929 -0.813517 0.105814 0.378049 -0.626616 0.925989 -0.533921 -0.860041 0.037063 0.719415 -0.685929 0.072906 -0.862474 0.731399 -0.588646 0.419343 0.207419 0.174984 0.369672 -0.985113 -0.872060 0.615132 0.820605 -0.079591 0.474581 0.761988 0.400633 -0.405103 0.619970 -0.501730 0.466488 0.821666 0.137231 0.891375 0.741079 0.256166 0.832593 0.444819 -0.013025 0.105648 -0.846933 0.533078
-0.098128 0.012129 -0.853609 0.499472 0.491915 -0.206651 -0.770635 -0.345779 -0.030482 0.096857 0.900037 0.640853 -0.658822 -0.798970 0.069308 -0.844829 0.354766 -0.283826 -0.931110 -0.567667 0.673002 0.282024 0.794020 -0.383351 -0.990669 0.534228 -0.250711 -0.817227 0.978581 -0.615696 -0.558864 0.593848 -0.664234 -0.168640 -0.345717 -0.620905 0.083405 -0.758392 -0.286847 -0.195721 -0.221627 -0.867967 0.299890 -0.865337 -0.396932 0.966205 0.072363 0.700930 0.918069 0.962832 0.355801 0.387441 0.270707 -0.364066 -0.035739 0.217067 -0.235257 -0.535149 0.976762 0.232697 -0.382303 0.514491 -0.880154 -0.406771
-0.591229 0.846818 0.891753 -0.342620 0.287204 0.041746 0.296093 -0.952613 -0.337459 0.078624 0.330012 0.374700 0.216126 -0.356726 -0.987915 -0.860030 0.268734 -0.591560 0.185261 0.863625 -0.843671 -0.377074 -0.510150 -0.502061 -0.103458 -0.456278 -0.839968 -0.203511 -0.117248 0.469856 0.639208 -0.960378 0.708084 0.843065 -0.694403 -0.485417 -0.092794 0.212051 -0.726687 -0.690551 -0.974331 0.450691 0.851382 0.940985 -0.020898 0.176618 -0.922346 -0.230348 -0.611544 -0.489483 0.444491 -0.022756 0.392911 0.853038 -0.515294 0.626253 0.352851 0.290667 -0.089058 -0.491424 0.903556 -0.975325 0.288795 -0.204666
0.801991 -0.622353 0.659499 -0.395561 0.316972 -0.384042 0.752801 -0.822253 0.553382 -0.714573 0.860034 -0.383799 0.632779 -0.860317 0.049924 0.466084 -0.250697 -0.603959 0.896967 0.628741 -0.882036 0.518329 0.804547 0.253675 0.736724 -0.413749 -0.446476 0.171293 0.345609 -0.877887 -0.985547 0.975238 0.044669 0.205970 0.522728 -0.053536 -0.141093 0.780304 0.633694 0.330157 -0.885517 -0.339489 -0.086161 0.450440 -0.722274 0.738011 0.398529 -0.263140 0.317752 -0.173747 0.972363 0.625238 -0.279589 0.615116 -0.111388 -0.199670 -0.837262 0.862967 0.973743 0.810406 -0.412274 -0.713677 0.143785 0.009273
0.593642 0.346124 0.749572 -0.107427 0.325284 -0.576718 0.319490 -0.130213 -0.679529 0.805297 -0.559248 -0.047395 -0.753804 0.069087 -0.819116 0.743881 0.532675 0.287973 0.434885 -0.236699 0.123800 0.616895 -0.768620 -0.821721 0.874421 -0.767788 0.706661 0.153834 -0.876230 0.694237 -0.360714 0.358604 0.039503 -0.555717 0.076586 -0.710598 0.674433 -0.088431 -0.708259 0.602584 0.197761 0.980670 0.993697 -0.043435 -0.009949 -0.246583 -0.333711 -0.578774 0.620837 -0.894867 -0.641960 -0.216384 0.318501 0.982126 -0.325180 0.980629 -0.217874 -0.433920 -0.609816 -0.212455 0.504533 0.610144 0.419175 -0.672611
0.391911 -0.710354 0.496765 -0.981735 0.151364 0.976968 0.900796 0.683320 -0.807905 -0.640734 0.960554 0.186785 0.253945 -0.932014 -0.022748 0.909111 -0.249257 0.590650 0.555462 0.300622 0.306391 -0.759999 -0.021563 0.019497 0.145964 -0.452550 0.588687 -0.031617 -0.132687 -0.801117 0.817761 -0.630220 -0.960507 0.072834 -0.022873 0.169443 0.580135 0.505976 0.795205 0.198205 0.109444 -0.753909 -0.587540 0.124992 -0.929989 0.012297 0.088854 0.890457 -0.398800 0.038886 0.318315 0.154143 0.045333 -0.295766 -0.580321 0.639527 -0.623853 0.665256 0.204289 -0.281870 0.244625 -0.490065 0.807320 -0.833492
-0.149313 0.071809 0.465350 0.393606 -0.255715 0.641016 -0.160627 0.984898 -0.948180 -0.844951 -0.780020 -0.868081 -0.274361 -0.453494 -0.548469 -0.245688 -0.242735 0.851272 0.456655 0.642686 0.057920 0.730797 0.214934 -0.658505 -0.220873 0.482594 0.063364 0.699260 -0.744856 0.027131 -0.747263 0.470845 0.450839 0.415005 0.217406 -0.633791 0.596938 -0.448354 0.883354 0.628047 0.715843 -0.186970 -0.819719 0.459906 -0.669774 0.486819 -0.014299 0.924333 0.017365 -0.040688 0.995909 0.395764 0.232573 0.491835 0.405183 -0.511548 0.901737 0.760664 0.218387 0.929295 0.763861 -0.549863 0.678818 0.904967
-0.241810 -0.773533 -0.500470 0.532828 -0.401644 -0.573868 0.137684 -0.390360 0.285947 -0.929142 0.235497 -0.288512 -0.342896 -0.989691 -0.627685 -0.797324 -0.830512 -0.692579 -0.025176 0.313267 -0.209282 -0.143317 0.623088 -0.122856 -0.676331 -0.132080 0.741028 -0.620866 -0.210908 0.801996 -0.602016 0.330486 -0.157809 0.599640 -0.350225 0.763533 0.847123 -0.222303 -0.784241 -0.688916 0.534770 0.356621 0.952877 -0.131343 -0.028142 -0.504505 0.022480 0.533455 0.988514 0.641219 0.412922 0.402290 -0.637624 0.182392 -0.541232 -0.923267 0.858197 0.232935 -0.898089 -0.387108 -0.537145 -0.041610 0.287746 -0.461508
-0.297951 -0.360318 -0.918222 0.489509 -0.055884 -0.798477 0.896656 -0.391287 -0.972677 0.723949 0.482584 0.557617 -0.256815 -0.579933 0.774388 0.485175 0.173123 0.308710 0.409320 -0.850241 -0.314204 0.979289 0.441539 -0.616587 -0.494949 0.706877 0.950252 -0.103036 0.821698 -0.161992 0.007739 0.198307 -0.742132 0.132350 0.387607 -0.205012 0.740511 -0.668964 -0.231699 -0.198302 -0.631867 -0.564385 0.758310 -0.089118 0.050146 -0.559327 0.104302 -0.908775 -0.921819 0.767205 -0.459130 0.284826 0.646821 -0.997200 0.210319 -0.833508 0.098550 -0.183314 -0.350730 0.631844 -0.561441 -0.646530 0.074777 0.556372
-0.787115 -0.236038 0.740052 0.101756 -0.558722 0.163328 0.505795 -0.536554 -0.262720 -0.812618 -0.629944 -0.622280 0.458960 -0.957905 -0.644531 0.215644 -0.855903 0.818262 -0.799532 0.453529 0.206587 -0.958568 0.526892 -0.912520 -0.832809 0.254769 0.932722 -0.787322 -0.323220 -0.595357 0.125702 -0.673711 -0.690973 0.384082 -0.753849 -0.794369 0.023085 -0.716330 -0.951998 -0.705247 -0.548231 -0.230512 0.645570 -0.660882 -0.796527 -0.285384 -0.763298 0.839747 0.209013 0.060961 0.358867 0.334547 0.635125 -0.792155 0.323463 0.621439 -0.847261 0.866190 0.311708 -0.218801 0.571092 -0.865373 0.919171 -0.819106
-0.636255 -0.361368 0.386842 0.587003 0.604282 -0.508184 -0.005795 0.064949 -0.230745 -0.156318 0.386998 0.406187 -0.994268 -0.965691 0.915232 -0.880845 0.697503 0.638021 -0.711720 0.943639 -0.515005 -0.888269 0.924104 -0.245078 0.929826 0.402804 -0.852459 0.740954 -0.269512 -0.845869 0.627423 -0.635151 0.496214 -0.400985 -0.325326 0.390494 -0.688225 -0.935762 0.006591 0.665360 0.751953 0.659036 0.003745 -0.152659 0.946245 0.955853 -0.576272 -0.562187 0.491991 0.683426 -0.063128 0.283782 -0.670351 0.293294 -0.783198 0.206380 -0.943902 0.083136 0.194222 -0.381760 0.276778 -0.461664 0.129594 0.580451
-0.370839 -0.983043 -0.435196 -0.610233 0.451376 0.405314 -0.185427 -0.797994 -0.699627 -0.235777 0.704054 -0.696924 0.770408 0.436925 0.614952 0.537651 0.927335 0.457441 0.860454 0.570704 -0.279367 -0.138197 0.548350 -0.582359 -0.850003 0.255579 0.609453 0.740915 0.937894 -0.825665 -0.372563 -0.677055 -0.273343 -0.641627 -0.484112 -0.487947 0.300584 -0.752068 -0.920815 -0.198122 0.834280 -0.266535 0.904090 0.364402 -0.474345 0.365111 0.287734 -0.510366 -0.984114 -0.418679 -0.201439 -0.223554 -0.812994 0.284969 -0.070294 0.463556 0.844981 -0.601058 -0.365430 -0.027410 -0.047561 -0.923435 -0.060065 -0.359627
0.202155 0.872919 -0.139781 -0.891845 0.905290 -0.460304 -0.832817 -0.189863 0.424413 0.049556 -0.481106 -0.815117 -0.315962 -0.670933 -0.161798 0.377661 0.393380 0.385803 -0.980137 0.194257 0.335925 -0.352535 0.877938 0.473439 -0.698987 -0.705027 -0.772786 -0.187227 -0.992646 0.665022 -0.101343 -0.805108 0.958064 0.092172 -0.244887 0.904754 0.153673 0.627559 0.793310 0.735516 0.297823 -0.179226 0.084934 0.530162 -0.648372 -0.646210 0.085526 0.690183 -0.125013 0.240753 0.713995 0.611880 0.299249 -0.177441 0.503454 -0.800596 0.162467 -0.420191 -0.554241 -0.237840 -0.060852 0.935232 -0.174131 0.407670
-0.984790 -0.552127 0.759214 0.676968 -0.170567 0.800375 -0.968940 -0.251189 0.640069 -0.329820 0.985658 0.946981 0.288869 0.602663 -0.742259 0.954711 0.808343 -0.125197 0.602344 0.262882 0.686061 -0.479540 0.897401 -0.813469 0.257788 -0.944363 0.841189 -0.235190 -0.738904 0.263004 -0.520556 -0.406155 -0.509491 0.572096 0.318515 0.869952 0.276773 -0.793162 0.191789 -0.435074 -0.814446 -0.277205 -0.218400 -0.956086 0.918434 0.374673 -0.372830 0.617098 -0.979719 0.134588 -0.937099 0.987479 0.228010 -0.683223 0.853166 -0.940890 0.023489 0.733749 -0.566084 -0.560478 0.879696 -0.036850 -0.302893 -0.411358
-0.008397 -0.200116 -0.654081 0.774630 -0.214348 0.532898 0.588199 -0.024336 -0.152525 0.631784 0.214591 0.134284 0.265397 -0.665502 0.022714 -0.413053 0.290196 -0.295493 -0.640192 0.581793 -0.854719 -0.256071 -0.755393 -0.978198 -0.069247 0.797488 -0.228818 0.054525 -0.443903 0.766720 -0.850352 -0.156500 -0.364433 -0.605753 -0.002698 -0.157526 -0.657721 -0.234285 -0.429926 0.712206 0.823286 0.683286 0.791659 -0.921760 -0.861092 0.605027 -0.450653 -0.199311 -0.373651 -0.213345 -0.090837 0.934305 -0.252188 -0.941424 -0.979208 -0.354282 -0.128635 -0.617681 -0.262241 0.979130 0.736030 0.569888 0.894290 -0.341342
0.624971 -0.659323 -0.078612 0.723790 0.775597 -0.173412 -0.755253 0.155769 0.952699 0.461729 -0.472376 -0.834411 0.745745 0.470537 -0.843967 -0.879466 -0.567729 -0.624165 -0.582677 0.055289 0.520976 -0.091956 0.009023 -0.562430 0.950129 0.026928 -0.624093 -0.671607 0.739663 -0.705421 0.490052 0.788196 -0.942828 -0.094718 0.853855 -0.137053 0.004381 -0.893686 -0.804375 0.464003 -0.411988 0.188098 -0.012768 0.362321 0.917943 -0.893724 -0.467644 -0.797936 0.240441 -0.216184 0.467849 -0.463466 0.571455 -0.424015 0.467765 0.006480 -0.046483 0.813336 -0.369775 -0.625311 -0.716333 -0.050799 -0.644970 -0.846046
0.706179 0.939083 -0.023385 -0.781228 0.134533 0.670718 -0.665391 -0.812180 0.472373 0.469630 -0.485321 -0.271421 -0.294747 0.782745 0.713912 0.191487 0.371568 -0.958545 0.712531 -0.716734 -0.511264 0.946581 0.488730 0.909629 0.930906 0.357603 -0.101461 0.053814 0.358133 -0.217948 0.987887 -0.917800 -0.313451 -0.133081 0.936306 -0.423183 -0.002146 -0.067365 0.933343 0.328641 -0.423480 -0.968815 -0.433965 -0.893613 -0.139354 -0.998717 -0.299564 0.718021 0.537771 -0.827993 0.991829 0.170450 -0.562284 -0.290736 0.274089 0.933814 -0.477478 -0.378528 0.357846 0.156335 -0.600987 0.108568 -0.828804 0.256638
-0.248068 -0.126214 -0.116197 0.869760 -0.063242 -0.158989 -0.944654 0.914984 0.511713 -0.395220 0.024414 0.086539 -0.413314 -0.214681 -0.988094 0.749822 -0.891308 0.659789 -0.333033 -0.418846 -0.337385 0.480946 0.478727 -0.589871 0.480848 -0.552913 0.704511 -0.378218 -0.987098 0.375549 -0.999929 -0.757931 -0.591413 0.665453 -0.888694 -0.190885 0.640542 0.093438 0.362641 0.234317 0.272394 0.637100 -0.658449 0.093362 -0.419928 0.918183 0.335399 0.395305 -0.166207 -0.944059 0.128418 -0.394477 0.786442 -0.914736 0.925593 0.446131 0.963507 0.711679 -0.302332 -0.218751 0.311838 0.438418 0.430365 -0.443320
-0.394140 0.832320 -0.246955 0.317944 0.854824 0.050868 -0.351847 -0.303810 -0.192452 0.704062 -0.806919 0.868468 0.519819 0.617111 -0.526766 -0.652004 0.511628 -0.871260 -0.771052 -0.854237 0.213067 0.847102 0.397451 0.977742 -0.600531 -0.124970 -0.597615 0.627675 -0.615408 0.258231 -0.592921 0.786582 -0.183945 -0.856070 0.459954 0.284465 0.664806 -0.052534 0.236958 -0.724253 -0.144977 -0.858265 0.564775 -0.764145 0.202979 -0.551958 0.844547 0.406547 0.742947 -0.850446 0.706390 0.000094 -0.886704 -0.778251 0.834783 -0.940044 -0.478238 0.529472 0.094175 0.848349 0.756540 -0.854176 0.808648 0.531148
0.962112 0.196295 -0.838813 0.893201 -0.916518 0.015209 -0.136969 0.699667 -0.957113 0.547226 0.068372 0.363882 0.104992 0.531363 -0.140563 -0.724459 0.794293 -0.264583 -0.126950 -0.535933 -0.545748 0.776671 0.136097 -0.970203 0.625244 -0.746568 -0.912561 0.310418 -0.415175 -0.042597 -0.846392 0.087292 0.470437 0.830202 0.426268 0.560417 0.307288 -0.464930 0.006891 0.800851 0.243744 -0.592890 0.951877 0.483817 -0.255220 -0.716078 0.396684 -0.092474 -0.002185 -0.444065 0.654358 -0.441815 -0.009285 -0.230674 -0.588540 -0.137830 -0.389704 -0.304391 0.217479 0.845397 0.620487 0.514504 0.658479 -0.144902
0.470829 -0.781580 0.442594 0.717028 -0.072995 0.136606 -0.674902 0.491268 -0.736255 0.599178 -0.828926 0.085609 -0.210798 -0.276610 0.564853 0.215998 0.136882 -0.470965 -0.074551 -0.067121 -0.039584 -0.564315 0.877669 0.220657 -0.871913 0.531954 0.738111 0.260676 0.235899 -0.771107 0.368883 0.159781 0.434715 0.429099 -0.485110 0.714981 0.436639 -0.300541 -0.112375 -0.526043 -0.257281 -0.168061 0.751706 -0.346919 -0.330028 0.303956 0.947002 -0.679374 0.860617 -0.948929 0.616068 0.561748 0.162973 -0.570263 -0.934801 -0.237821 -0.843110 0.871036 0.006992 0.096466 0.466091 0.055513 -0.055342 -0.117965
0.672018 -0.511942 0.535287 -0.088358 -0.769166 0.465597 -0.276238 0.011287 0.306660 -0.102064 0.138685 -0.749437 0.552897 0.169511 -0.479442 -0.372311 -0.157955 0.152024 0.545290 0.752811 -0.758422 0.109158 0.485708 -0.931849 0.380093 -0.735244 0.837246 -0.291264 0.113882 -0.761941 0.796708 0.233259 -0.909525 -0.290085 -0.182251 0.669609 -0.045788 -0.633098 0.832684 -0.832421 0.187107 0.298810 -0.122826 0.176162 -0.806203 -0.317766 0.794603 0.688131 -0.354400 -0.643168 0.627974 0.978411 0.038270 0.230955 -0.430418 -0.452303 0.770698 0.835386 0.506938 0.332867 -0.586314 0.509729 0.805083 0.079659
-0.986670 -0.948445 0.883612 0.464179 0.662076 -0.780770 0.689488 -0.135468 0.729006 0.463267 -0.292558 0.586641 -0.345769 -0.447784 0.025688 0.413620 0.849460 0.864736 -0.364946 0.322261 -0.928728 -0.984059 -0.247582 0.346695 -0.697134 0.467121 -0.602854 0.901666 0.498892 -0.865477 -0.582906 -0.163681 -0.239420 0.275429 0.313882 -0.399799 -0.415768 0.593492 -0.285744 -0.806934 0.761790 -0.425457 -0.349206 -0.768362 -0.362188 0.393937 0.547364 0.609443 -0.175994 -0.418140 0.779621 -0.878393 -0.476789 -0.217243 -0.202641 -0.463366 -0.320317 -0.382979 0.145011 -0.587598 0.895756 -0.340632 -0.960160 0.604826
0.409461 0.533684 0.309863 -0.275804 -0.686014 0.719446 0.602571 -0.336996 0.466669 -0.927850 0.880710 -0.204125 -0.686109 -0.539990 -0.505383 -0.752714 0.310552 0.481051 -0.830167 0.444226 -0.169240 0.660503 -0.696305 0.585240 0.211383 -0.352547 -0.953136 -0.594667 0.312101 -0.417523 0.933773 -0.033301 0.066408 -0.965575 -0.212710 0.093163 -0.551878 -0.205303 -0.260357 0.285637 0.619362 -0.809222 0.729655 -0.500062 0.232977 0.446065 -0.535140 -0.495952 -0.324263 -0.357114 -0.186931 0.380795 0.589392 -0.373968 -0.356324 0.028862 0.985511 -0.789912 -0.248628 -0.675814 -0.667606 0.943833 -0.151636 0.606307
0.497987 -0.201189 -0.129041 0.843940 0.044960 -0.256736 -0.716965 -0.591076 0.428950 -0.497521 0.872405 0.440261 -0.729322 0.658816 -0.167394 -0.865904 -0.376319 0.388090 -0.337930 -0.062612 -0.299094 -0.547941 0.855759 0.641509 0.168937 0.249002 -0.490501 0.318735 -0.695156 -0.440029 -0.795356 0.174634 -0.339680 0.184340 0.614599 0.336994 -0.663801 0.978174 0.606708 -0.670363 -0.353324 -0.895622 -0.120622 -0.345821 -0.765407 -0.245381 -0.051044 0.043971 0.766571 0.910720 0.667210 0.679752 -0.019813 0.370735 -0.129173 -0.949409 -0.067848 0.456983 0.119588 0.878814 -0.641989 -0.978655 0.052005 -0.379219
-0.262265 0.843128 -0.932944 -0.042530 0.390998 0.250541 0.646651 0.855150 0.264480 -0.053103 0.501173 -0.923613 0.788530 0.472392 -0.736704 0.691606 0.274956 -0.805049 0.966807 0.228008 0.674547 -0.367039 0.811449 0.888602 0.881090 0.675433 -0.870090 0.003051 -0.832063 -0.448949 0.010932 0.493657 -0.993551 -0.298630 0.136347 0.132379 -0.767477 0.459101 0.182297 0.533445 -0.564948 -0.837450 -0.506536 0.284635 -0.617828 -0.734530 0.411828 -0.719148 -0.548079 0.767137 -0.410135 -0.470910 0.157392 0.283652 0.262053 -0.926538 -0.228639 -0.578674 -0.306157 0.592543 0.399308 0.659715 -0.818485 -0.483572
-0.937104 0.316664 -0.720369 -0.255435 0.176782 0.402577 0.738658 -0.157184 0.295763 0.826298 -0.066318 -0.956500 -0.087109 -0.130063 0.668193 -0.253570 0.357112 0.941531 0.526346 0.013922 0.548145 -0.198500 0.024409 0.773190 0.885693 0.944856 -0.740218 0.919827 -0.381453 0.602979 -0.669316 -0.705018 -0.397435 -0.527633 -0.819666 0.369427 -0.251484 -0.310576 0.373573 0.825666 0.662694 0.526112 -0.742995 -0.732947 0.796043 0.460744 -0.212299 -0.023381 0.172858 0.217045 -0.261735 0.646476 0.503369 0.291155 -0.624059 -0.129199 0.308090 -0.430072 0.642550 0.917025 -0.672914 0.668465 -0.834719 -0.797190
0.607101 -0.361948 -0.232019 -0.027721 -0.196593 -0.394091 0.268234 0.604837 -0.254349 -0.329873 -0.270276 0.961469 -0.233056 -0.699226 0.868354 -0.604774 0.455258 -0.902913 -0.756897 -0.265792 0.372775 -0.325077 0.638339 -0.642544 -0.964962 0.271965 -0.285511 0.477361 -0.831906 0.453575 -0.137799 0.943706 -0.511799 0.669836 0.047117 -0.846928 -0.706499 0.275629 -0.236174 -0.842470 0.498534 -0.955233 -0.486284 0.765851 -0.133129 -0.616713 -0.393597 0.708487 0.597908 -0.054163 -0.126109 0.556618 0.342879 0.819493 -0.454641 -0.962562 -0.740466 0.198159 -0.363681 -0.963854 -0.872555 0.424067 0.175828 -0.342496
0.859745 -0.318808 -0.111234 0.485142 0.395451 -0.488615 0.704583 0.262768 -0.309402 0.969737 -0.416354 0.349003 0.249725 -0.296747 0.991652 0.946714 -0.018486 0.842353 0.214243 -0.806040 0.984262 -0.642755 0.555049 -0.197767 0.502562 0.198497 -0.273651 0.769516 0.523506 0.071254 0.718113 -0.072172 -0.101088 -0.644747 0.065331 -0.071957 0.814562 0.306208 -0.179412 0.237752 0.239841 0.199136 0.890978 -0.500118 -0.056173 -0.259408 0.767025 0.104115 0.700618 -0.261871 -0.649578 0.842771 -0.414036 -0.585985 -0.509906 0.979427 0.945611 -0.777685 -0.337482 -0.681467 0.924948 -0.935355 0.734125 0.724338
-0.165821 0.431953 0.553193 0.068342 -0.038385 -0.414074 0.644632 -0.273253 0.023119 -0.142823 -0.708033 0.650457 -0.776433 -0.174214 0.825949 -0.579830 0.284071 0.798391 -0.510543 -0.409416 0.574748 0.136462 0.522645 -0.423139 -0.258298 -0.417563 -0.683395 -0.049430 -0.410241 0.390165 -0.415334 0.273525 -0.576676 0.168470 0.442279 0.992235 0.236920 -0.311573 0.705221 -0.251275 -0.029508 0.050474 0.794267 0.893897 -0.381383 -0.443369 0.578548 -0.286997 0.825405 0.679954 0.566175 -0.543257 0.328488 -0.802320 -0.865605 0.069508 0.745231 -0.888050 -0.504056 0.478872 0.301614 0.379275 -0.919534 0.103951
-0.619972 -0.872662 0.045115 -0.544828 0.162541 0.073867 -0.362283 -0.607148 -0.833228 0.084738 -0.025539 0.163427 -0.776952 0.554792 0.611532 -0.087491 0.509121 -0.014790 0.014586 0.902871 0.734522 -0.449423 -0.382392 0.954458 -0.024839 0.948709 -0.673738 -0.135970 0.850591 0.275766 -0.634689 0.525705 0.003559 0.060799 -0.399877 0.142017 -0.687225 0.571622 0.220246 0.913414 0.306981 0.559510 0.865687 0.712475 -0.710027 -0.292133 -0.100584 -0.212916 0.524445 0.937360 0.610742 0.534097 0.408678 0.433345 -0.253050 0.581840 0.119945 -0.570040 0.712807 -0.513724 -0.040635 -0.060256 -0.908000 0.375602
-0.025917 0.213410 -0.797120 -0.447908 0.847212 -0.731431 -0.350909 -0.172445 -0.699161 -0.600011 -0.509547 0.525574 0.062055 -0.956296 -0.863992 0.422805 0.706867 -0.108319 -0.631720 -0.078393 0.355338 -0.489284 -0.953723 -0.178442 -0.027285 0.056795 0.024523 -0.125586 0.008423 0.580275 0.149631 0.468868 0.948455 0.063525 0.692599 0.844994 0.985899 0.534231 -0.446270 0.761081 0.300887 0.295680 0.055428 0.640417 -0.957033 -0.987292 -0.962257 -0.145701 -0.554220 -0.346761 0.330804 0.148877 0.760623 -0.694790 -0.587712 -0.947551 0.689397 0.080153 -0.345078 -0.539792 -0.394141 -0.457844 -0.565528 -0.725376
-0.120718 -0.249772 0.487885 -0.239167 -0.201644 -0.238990 -0.814296 0.826566 -0.756592 -0.759283 0.209697 -0.366241 0.970304 -0.280283 -0.776015 -0.985489 -0.199383 -0.290638 0.673069 0.695616 0.999413 0.287164 -0.057277 -0.450568 -0.353458 -0.502004 -0.744103 0.390140 -0.877637 0.732690 -0.256592 -0.685035 0.872583 0.483933 -0.636771 -0.781217 -0.004889 0.250625 -0.469637 0.566538 0.777641 0.744056 -0.907001 0.197015 -0.683655 0.794377 0.976383 -0.048621 0.712281 -0.731189 0.273710 -0.061026 -0.743603 -0.268835 0.432631 0.497438 -0.607426 -0.740385 -0.548896 -0.810422 0.773836 -0.547553 0.318739 0.947913
0.039834 0.767166 -0.736586 0.322404 0.869249 0.812029 -0.903963 -0.635655 -0.931772 -0.676230 0.144173 -0.312196 0.633979 -0.095792 0.242625 -0.764362 0.537022 -0.325491 -0.489431 -0.025290 0.326496 -0.315250 -0.873764 0.284585 -0.747544 -0.085133 0.100930 0.746613 -0.127672 -0.834066 0.009447 0.882499 -0.610244 -0.556286 0.466825 0.201873 0.719852 0.600520 -0.539153 0.061740 -0.799724 0.268625 0.686478 -0.695898 0.219331 -0.443157 0.897798 0.801913 0.787489 -0.727760 -0.999293 0.111515 0.846104 0.918552 -0.179249 0.644883 0.613977 -0.515074 0.292169 -0.613257 -0.858937 -0.447564 -0.753057 0.888682
-0.113237 0.521169 -0.765416 -0.794776 -0.057781 -0.402356 0.485823 -0.859195 0.821012 -0.455794 -0.236997 -0.774325 0.169957 0.382874 0.516919 -0.793900 0.206632 -0.274901 0.329821 0.926489 0.276120 -0.439593 -0.448269 0.015647 0.672592 -0.833813 0.611983 -0.010048 0.331257 0.561844 0.121342 -0.248355 0.850486 0.203325 0.587200 0.151251 0.528061 0.345219 -0.156341 0.488620 0.576273 0.146690 0.880394 0.256237 0.338137 0.133860 0.891900 0.841339 0.458115 -0.492972 -0.311901 -0.502598 -0.904402 0.981951 0.587282 0.541618 -0.356238 -0.302922 0.689440 -0.332473 0.479719 -0.544858 -0.797404 0.278903
-0.005615 -0.234607 0.414792 0.611795 0.509542 -0.354480 0.163694 0.400457 0.513541 -0.204058 -0.602761 0.195939 -0.190726 0.431776 -0.206487 -0.792748 0.629146 -0.412175 -0.835577 -0.114928 0.095974 -0.452423 0.666496 -0.509297 0.295790 -0.975163 -0.958452 0.675861 0.102452 -0.175353 0.161791 0.777208 0.493586 0.963832 -0.472885 0.800106 -0.359691 0.916182 0.719889 -0.506209 -0.742471 0.568437 -0.048525 0.614507 0.440212 0.289932 0.970154 0.148518 0.237612 -0.127631 -0.657318 0.117992 -0.304794 -0.704240 -0.869174 0.139507 0.455521 -0.018380 0.885496 -0.569592 0.076791 -0.338934 0.751937 -0.711534
0.362643 -0.986449 0.424227 -0.760633 0.227701 0.460761 -0.502401 0.517642 -0.637524 -0.010050 -0.821789 0.148006 -0.225098 0.392830 -0.313409 -0.289686 0.758129 -0.630867 -0.546720 0.266015 0.503631 -0.959198 0.964020 -0.253706 0.927200 -0.990678 -0.944693 0.126729 0.911423 0.241745 -0.563252 0.744194 0.199437 0.782874 0.759344 -0.702300 -0.939317 0.075180 0.881408 -0.376669 -0.301892 0.036978 -0.004698 0.994684 0.875637 0.095961 -0.104129 0.108924 -0.268613 0.635171 -0.191431 0.833221 0.621815 0.415275 -0.802439 0.327025 0.054675 0.063851 0.092762 -0.359367 -0.603917 -0.147362 -0.835222 -0.791363
0.219326 0.984575 0.541685 0.055100 0.893560 0.174940 0.085574 0.478514 -0.905585 -0.623522 -0.895129 0.747410 0.047969 -0.258352 0.821324 0.899929 0.424821 -0.592784 0.280842 0.844173 0.378779 -0.990522 0.627275 0.968804 0.653144 0.675575 -0.716661 0.337066 -0.154319 0.727487 -0.590247 0.473267 0.380563 -0.172720 0.802152 -0.023567 0.253074 0.392004 0.325926 0.275194 0.804434 -0.633283 0.887006 0.361811 -0.203591 -0.430590 -0.783016 0.645755 0.900418 -0.004066 0.991117 -0.781312 0.666189 0.525083 -0.516496 -0.123783 0.194003 0.867231 -0.622061 -0.364157 0.897179 0.900829 -0.299766 0.288270
-0.693805 -0.872701 -0.611322 -0.122257 -0.861234 0.057113 -0.713273 -0.886574 -0.180152 0.237172 0.865601 -0.713027 -0.532676 0.125423 0.537391 -0.550964 0.127278 0.297725 0.874422 -0.435063 -0.100658 0.365762 -0.309707 -0.090031 -0.693724 -0.279730 0.274186 0.934740 0.763875 -0.958126 -0.712032 0.421372 -0.546029 0.680271 0.883762 -0.164549 -0.112214 -0.272879 -0.202234 -0.588170 -0.618070 0.747212 0.237753 0.096411 -0.183584 -0.572973 -0.782700 -0.399359 0.549155 -0.898229 0.103386 -0.231419 -0.639370 0.387939 0.333987 0.491943 -0.688289 0.563718 -0.177421 0.736060 0.862505 0.866040 0.470635 0.352379
-0.828500 0.724499 0.705202 0.803608 -0.698794 0.681357 0.818491 0.656509 0.407206 -0.797001 0.801634 -0.169628 0.236578 0.104642 0.966606 0.807303 0.327738 -0.110192 -0.728803 -0.241260 -0.960092 0.635903 0.169782 0.787976 0.893208 0.771208 0.772981 -0.730113 -0.212768 0.985794 0.337808 -0.358603 0.897524 0.205625 -0.968089 -0.164523 0.702506 -0.439508 0.831850 0.811633 -0.522392 -0.102138 -0.919089 0.519530 -0.839512 -0.738700 0.248339 -0.961576 0.809070 -0.928034 0.393712 0.606292 0.568241 -0.315743 0.438234 -0.022339 0.826715 -0.830409 -0.362772 -0.772949 0.612453 -0.851171 -0.691988 0.557753
-0.980710 0.613972 0.234921 0.252253 -0.078474 0.572263 -0.756043 -0.600957 -0.837689 0.902784 0.583185 -0.900003 -0.359190 -0.047912 0.975859 -0.627870 0.352319 -0.877467 -0.987373 -0.604559 0.083997 0.399934 -0.848440 -0.357189 -0.675153 0.184616 0.013309 -0.146953 0.470886 0.309684 -0.496664 -0.870693 -0.311553 0.239691 -0.840097 0.432219 0.488537 0.176277 -0.277040 0.356391 -0.475125 -0.098426 -0.039102 0.526825 0.998195 0.174458 -0.294210 -0.076720 0.692963 -0.072752 -0.095647 0.501104 -0.951040 -0.366553 0.264386 -0.972100 0.323544 0.185874 -0.810308 -0.700200 -0.956639 -0.392956 0.098657 -0.026930
-0.134288 -0.680359 -0.880479 -0.866188 -0.046599 -0.529695 0.607244 -0.974065 -0.682795 0.368115 -0.756305 -0.436206 0.614249 -0.260865 -0.873750 -0.165999 -0.347599 0.743748 0.831476 0.573612 0.154440 -0.611244 -0.356334 0.942271 0.185670 0.639314 -0.060495 0.021921 0.500385 -0.837385 0.205200 0.916545 -0.101030 0.582563 -0.713833 -0.881957 0.266140 0.649674 -0.707760 -0.359929 0.209542 0.648273 0.915451 -0.759275 0.470990 0.597697 0.581419 0.637173 -0.478024 -0.949433 0.524747 -0.070121 -0.704771 0.110529 0.516923 -0.452896 0.412593 -0.674198 0.912211 0.735475 -0.262356 0.441002 0.257781 -0.208925
0.672147 -0.434182 0.137059 -0.888282 -0.736266 -0.864211 0.045561 -0.529973 0.944639 -0.174716 -0.015089 0.049359 -0.208020 0.645692 -0.103004 0.822849 -0.521469 0.115369 0.685786 -0.915210 -0.534669 0.740966 -0.354099 0.340526 0.531073 0.339284 0.100062 0.179337 0.165478 0.403648 -0.263764 -0.671642 0.072460 0.488508 0.112525 -0.680273 0.215237 -0.345884 -0.761665 -0.942365 0.302817 -0.188618 -0.916680 0.485627 -0.599715 0.494546 0.348413 0.635721 -0.891265 0.133693 -0.495335 -0.380197 -0.638162 -0.000815 0.439939 -0.218491 0.841638 0.193481 0.334049 -0.844652 -0.999459 -0.899944 -0.451537 -0.109879
0.922417 -0.263900 0.941880 -0.254358 0.307252 -0.930014 -0.716324 0.864491 0.829132 0.273420 0.585525 0.864086 -0.774826 -0.089511 0.389837 -0.954882 -0.873432 -0.569049 -0.245150 -0.135025 -0.649954 0.794816 0.918858 0.419803 -0.594603 0.342485 -0.623860 0.620708 -0.911754 0.713996 0.405894 0.431139 -0.426966 -0.265406 0.089181 0.803642 0.081534 0.278628 0.160424 0.967026 -0.704734 0.778858 -0.184348 -0.827109 -0.724717 0.290928 0.078424 0.779482 0.836597 -0.709899 0.265395 0.702196 0.954464 0.649371 0.646887 0.981008 0.039138 -0.490566 0.884580 0.368021 -0.021640 0.672938 0.873856 0.638722
-0.297731 0.503131 0.280939 0.668699 -0.623338 0.587188 -0.784398 -0.855587 -0.516333 0.650464 -0.806826 -0.952989 -0.757849 0.552136 -0.493132 -0.156165 -0.193998 -0.399569 -0.583103 0.179382 0.229606 -0.017333 -0.360736 0.401263 -0.232489 -0.803986 0.240463 0.942725 -0.945344 -0.025103 -0.050256 -0.834071 0.431217 -0.090628 -0.517243 -0.931316 0.554328 -0.566889 -0.979412 0.725433 0.871076 0.004145 0.394262 0.849961 -0.902570 0.396433 0.804523 -0.674508 -0.337169 -0.690408 -0.601754 -0.988615 0.613605 0.544925 -0.634644 0.366066 -0.542535 0.401560 -0.796925 0.480713 0.125542 -0.266649 -0.958925 0.387624
-0.787344 -0.442196 -0.155490 -0.474449 -0.284715 0.838549 0.751066 -0.676009 0.329282 0.993041 -0.473987 0.579996 -0.173488 -0.535503 -0.733570 -0.977613 0.576174 0.331822 -0.982285 -0.725876 0.721171 -0.622666 -0.042531 -0.224285 0.082806 -0.707775 0.019736 -0.864012 0.974723 -0.505864 0.679542 -0.549316 -0.880654 0.741337 -0.944670 0.861560 0.212873 0.497217 0.229792 0.777488 0.510860 0.197958 0.546198 -0.938172 -0.830315 -0.708872 -0.260958 -0.070986 0.834222 0.070582 -0.383716 0.022880 0.742318 0.390499 0.210410 0.147976 -0.818025 -0.315180 0.262732 -0.463577 -0.422106 -0.373897 0.814435 -0.302974
