16 16
-0.392329 -0.763097 0.212635 -0.548626 -0.098971 0.720333 -0.389240 0.219262 0.895180 -0.577950 -0.685886 -0.849870 -0.098993 -0.417481 0.413912 -0.091937
0.847822 0.250116 0.867337 0.089125 0.816823 -0.857180 -0.384776 0.138414 -0.751293 0.399467 0.000944 -0.839116 -0.135943 -0.499264 0.923822 0.150398
0.999145 -0.460978 0.512538 0.303019 -0.637022 0.269569 -0.817515 -0.333383 0.715466 0.387347 0.890387 0.100193 -0.370966 0.940369 0.029193 0.315321
-0.173505 -0.276441 0.250817 -0.592884 0.855346 0.396500 0.946294 -0.521405 0.101678 -0.813582 0.825860 -0.765068 -0.003249 0.017744 0.669448 -0.512538
-0.232828 0.016482 0.728054 0.580012 0.868497 0.641099 -0.402888 0.997805 -0.702809 -0.309752 0.086860 -0.356445 0.394997 -0.532875 -0.912705 0.410456
-0.227842 0.641495 -0.009343 0.004582 0.739401 -0.119388 -0.086144 -0.180043 -0.691278 0.938407 0.385409 0.703531 0.718684 -0.366678 0.518804 -0.928202
0.262322 0.994852 -0.132057 0.267496 -0.112643 0.806848 0.592287 -0.250318 0.062333 0.585039 -0.842063 0.239421 0.825658 -0.077700 -0.489347 0.609266
0.355222 -0.116540 0.175143 -0.151382 0.690608 -0.230614 -0.525589 0.149624 -0.409538 0.316460 0.131858 0.489338 0.212813 0.808311 0.597720 -0.295358
0.241782 0.441857 0.676674 0.806807 -0.382134 0.159148 -0.819733 0.494962 -0.735680 0.942979 0.826974 -0.486060 -0.036304 0.493119 -0.769661 -0.718486
0.720281 0.959884 0.609175 0.581364 0.073145 0.345657 0.169120 0.880584 -0.532356 0.768470 0.830512 -0.873566 0.818775 -0.183408 0.892523 -0.014751
0.774519 -0.092712 0.486280 -0.161746 -0.690954 -0.801957 -0.183768 -0.934567 -0.113234 0.710900 0.371361 0.955685 -0.203721 -0.755681 -0.090565 0.283409
-0.957285 -0.512862 0.129156 0.530315 -0.568097 -0.342881 0.801062 0.716812 -0.740016 -0.651006 -0.948440 0.579969 -0.352457 -0.895202 0.052171 -0.047508
0.026476 0.007677 -0.913270 0.733962 -0.083915 -0.878349 -0.196765 -0.019462 -0.853019 0.216595 -0.449968 0.096713 0.989256 -0.092569 -0.801643 0.705585
0.537925 -0.569954 -0.543013 -0.093002 -0.809828 0.330216 -0.694722 -0.865733 -0.813540 0.477592 0.112741 0.123173 -0.755537 0.330681 0.736184 0.936797
-0.296708 -0.574522 -0.551510 0.690747 0.525211 0.614443 0.949093 0.227147 -0.947492 0.658922 -0.639168 -0.382031 -0.987788 0.132642 -0.716251 -0.938686
-0.569734 -0.318208 0.443192 0.135187 -0.894782 0.235676 -0.455794 -0.028677 -0.453666 -0.772365 -0.433507 -0.026734 -0.909165 0.198650 -0.397161 -0.725530
