32 32
-0.066604 0.648622 -0.795376 0.324711 -0.251540 0.218100 -0.783791 0.976722 0.722983 0.422188 -0.402418 0.530949 0.610860 0.200067 0.361512 0.310801 -0.481147 -0.223450 0.416138 -0.620170 -0.555274 0.569794 0.343737 0.690838 0.752990 -0.804794 -0.482696 0.525836 0.359425 -0.821400 0.488420 0.576181
-0.478882 0.702428 0.732787 0.888602 0.778852 0.734996 -0.403288 0.708480 -0.599407 0.138807 -0.084857 0.431337 -0.024838 -0.646351 -0.990573 0.522387 0.528967 0.527138 0.228959 -0.193213 -0.233367 -0.601171 -0.971846 0.666457 0.353496 -0.502354 -0.311300 -0.232899 -0.665960 -0.403595 0.455664 -0.324330
0.990945 0.802768 -0.623148 0.836411 -0.543163 -0.737588 0.179386 -0.266817 -0.925273 -0.488422 -0.902826 0.323940 -0.960516 -0.166449 0.094565 -0.693746 0.260623 0.323329 -0.460046 -0.725673 -0.790172 -0.764531 -0.787473 -0.600501 0.046292 0.406874 -0.921189 -0.584612 -0.338793 0.343266 0.670464 -0.701711
0.023411 -0.797419 -0.537679 -0.407956 -0.800382 -0.921111 0.603192 0.477080 0.516408 0.703997 -0.658975 -0.124571 0.756951 0.629929 -0.198445 -0.456334 0.701343 0.297693 -0.773887 -0.882707 -0.681209 0.181501 0.356786 -0.240498 -0.942368 0.677073 -0.738689 -0.774125 -0.908055 -0.371524 0.355858 0.153298
0.955791 -0.323399 0.401160 0.323427 -0.308501 -0.230247 0.116688 -0.890868 -0.686145 0.703742 -0.850270 -0.518216 -0.899299 0.286635 -0.530000 0.602523 0.713178 -0.762586 0.306746 -0.175323 -0.999661 0.208407 -0.390804 -0.586298 0.900710 -0.891450 -0.091080 0.239516 0.314334 -0.771953 -0.556506 0.659768
-0.416033 0.404192 -0.671689 0.433712 -0.786077 -0.624913 -0.214207 0.562841 -0.784469 0.853253 0.177622 -0.098991 0.912381 -0.002343 -0.902857 0.677632 0.016666 -0.645595 0.460989 -0.225189 0.765392 -0.230675 0.831820 -0.452808 0.940983 -0.733256 0.400029 -0.402174 0.721415 0.871024 -0.598222 -0.418841
0.344747 0.300173 0.007787 -0.355237 -0.295524 0.141276 -0.165044 0.682779 0.694602 0.045460 -0.709347 -0.600195 -0.678129 -0.498878 0.381190 0.507188 0.628052 0.736071 0.729683 0.122541 0.568614 -0.424723 0.852970 0.913404 -0.374692 -0.974070 0.241123 0.740236 0.822973 0.295265 0.093230 0.552293
-0.411645 0.365318 -0.652410 -0.245604 0.113197 0.167972 -0.338874 -0.690389 -0.354740 0.864764 0.323780 0.145354 0.568063 -0.560076 -0.863647 -0.168138 -0.816109 -0.573292 -0.278404 0.505311 0.993262 0.962266 0.337877 0.808993 0.242263 0.365103 0.831865 -0.228248 -0.434342 0.644218 0.605633 -0.912297
-0.614975 0.896424 0.912552 -0.985339 0.340670 0.729902 -0.792146 0.405486 0.550413 0.879502 -0.692491 -0.336569 -0.891464 0.116168 -0.544709 -0.223935 -0.133950 0.346597 0.282845 0.511921 0.401764 0.856096 0.573784 -0.826990 -0.124648 0.321446 0.066936 -0.218015 0.091449 -0.711849 0.828338 0.458649
0.898930 0.110139 -0.989940 0.074304 -0.390618 0.807093 -0.174691 0.025105 -0.558424 -0.611348 0.599320 0.702775 0.988626 0.099329 -0.865274 0.451179 -0.338298 0.310946 0.239032 -0.364428 0.232685 0.168340 -0.271013 -0.143385 -0.507650 0.479632 0.680220 0.465946 -0.074303 -0.389056 -0.648460 0.683586
-0.719997 -0.473531 -0.847075 -0.962739 -0.937612 -0.189731 0.812607 0.086939 -0.055792 -0.268363 0.544290 -0.418002 0.020824 0.004335 0.695964 0.228072 0.028273 -0.641710 0.318827 0.471840 -0.282409 -0.024716 -0.261130 -0.586452 -0.277497 -0.090713 0.961180 0.407473 0.659294 -0.473368 -0.652300 -0.269406
0.670938 -0.247342 0.032744 0.735439 -0.035780 0.003674 -0.668788 0.286954 -0.626189 0.434605 -0.539307 0.440511 -0.042371 -0.677507 -0.955108 0.146973 0.259081 0.144539 -0.483481 0.916477 0.127209 0.439095 -0.433091 -0.101593 0.734605 0.660727 0.589232 -0.636232 -0.470959 -0.314657 0.181192 -0.229076
-0.595303 0.008719 -0.700878 -0.048262 -0.921927 0.006658 -0.035518 0.206949 0.793938 0.298463 -0.259245 0.059633 0.604600 -0.237527 0.482788 0.393415 -0.732234 -0.534974 -0.433467 -0.182707 0.418298 0.155974 -0.985612 0.375533 -0.275460 0.303152 0.709954 -0.268712 0.361211 -0.173544 -0.035064 0.109823
-0.386694 0.410989 0.709998 0.495628 0.398623 -0.571084 -0.323124 0.394115 -0.678524 -0.989419 -0.709343 -0.129245 -0.556460 -0.924489 0.968896 0.042011 0.194945 0.640457 -0.122056 0.313768 -0.427987 0.199030 -0.536658 -0.927878 -0.999425 0.993634 -0.293745 0.172160 0.473851 -0.819668 0.659530 -0.303810
-0.446984 -0.610950 0.149813 -0.185731 -0.855228 0.894031 0.913419 0.626295 0.388384 0.126337 0.514947 -0.082303 0.173653 -0.767463 0.267324 0.353826 -0.368539 0.033008 0.664354 -0.813981 0.642149 0.862792 -0.292924 -0.461848 0.366215 -0.002001 0.470858 -0.586443 -0.500609 -0.688009 0.840376 0.326848
0.528488 -0.915474 0.241335 0.970723 0.737538 0.968789 -0.439467 0.153330 0.598540 0.081536 -0.212566 -0.650399 0.396489 0.378421 -0.578495 -0.349128 -0.480598 -0.525722 0.226168 -0.002460 0.401425 0.708652 -0.640222 0.151785 -0.800261 -0.528390 -0.238233 0.918296 0.611337 -0.000804 0.698780 0.441121
-0.399932 0.135669 0.381086 0.627636 0.259724 -0.330687 0.120700 -0.484570 -0.757525 0.926233 0.151789 -0.650922 -0.289782 -0.025013 0.779265 -0.426953 -0.710303 0.615434 0.262547 0.697802 -0.676001 -0.366244 -0.465055 -0.457504 0.725613 0.173840 -0.172022 -0.953798 0.324045 0.401394 -0.666179 -0.872415
0.096867 -0.205975 -0.833498 -0.689451 0.770943 -0.505207 0.252961 0.677036 0.327098 -0.349597 0.949963 -0.455171 0.939085 -0.645927 0.262095 0.127969 0.279056 -0.305663 0.609416 -0.268433 -0.392854 0.630760 -0.312230 -0.983366 0.893915 -0.981735 -0.414155 -0.985564 -0.176528 -0.210496 0.474236 -0.243284
-0.155521 0.529077 0.615150 -0.430646 0.617617 0.706964 -0.420809 0.235459 0.245508 -0.961209 0.069942 -0.795453 0.430392 -0.534379 -0.012841 -0.376847 0.995927 0.582849 0.687093 -0.887923 -0.857231 -0.615615 0.634501 -0.756077 -0.502075 -0.114078 -0.932979 0.541992 0.964232 0.362885 -0.353874 -0.915628
0.041853 0.277040 0.775039 -0.564424 0.265818 -0.665279 -0.760701 -0.982140 0.566950 0.192425 -0.821040 -0.817197 0.861698 0.250265 0.289150 0.582932 -0.534651 0.577124 0.611051 -0.614069 -0.283665 0.797326 -0.125000 0.394076 -0.626747 0.464805 0.662699 0.109041 -0.689949 -0.473301 -0.998560 -0.241913
-0.962560 0.552033 0.442007 0.077913 0.048140 0.102936 -0.354800 -0.779072 -0.866640 -0.740451 -0.595842 -0.802493 0.672599 0.051643 -0.488123 0.211907 0.860422 -0.017189 -0.840086 -0.878600 0.876488 -0.261863 0.647286 -0.918694 -0.392191 0.921173 0.450344 -0.621079 -0.502474 -0.642204 -0.169631 0.277249
-0.082559 0.765648 -0.639207 -0.324974 0.996867 -0.295352 0.982926 -0.256561 -0.138824 0.216827 -0.572144 0.852294 0.923304 -0.205819 0.965913 0.035219 -0.396317 -0.556227 -0.956597 0.379438 0.107326 0.851845 -0.924527 -0.723184 0.164311 0.622148 -0.200404 0.468532 0.585808 0.651410 0.152465 0.190462
0.461579 -0.843045 0.541803 0.634283 0.735662 -0.546565 0.204603 0.554837 -0.390433 0.079859 0.004803 -0.898960 -0.214235 0.190264 -0.555829 -0.211355 -0.834910 -0.901378 -0.829842 0.547650 -0.730258 -0.024278 -0.607801 0.471336 -0.856712 -0.353177 -0.820811 -0.152919 -0.358523 -0.951586 0.975304 0.980318
-0.708363 0.636344 -0.252358 0.705528 -0.890924 0.853459 0.640268 0.387590 -0.099877 -0.581981 -0.592397 -0.482684 0.459847 0.397510 0.166010 -0.913036 -0.431973 0.235930 0.309516 -0.222710 0.704166 0.728565 0.734821 -0.537663 0.953224 -0.369088 0.063121 0.001302 0.852700 -0.505216 -0.332861 -0.685989
-0.296174 -0.527590 0.002503 0.251585 0.780804 -0.941068 -0.439612 0.794351 -0.824410 0.921211 0.251049 -0.519278 0.941074 -0.341431 -0.586485 0.082708 0.725175 0.410273 -0.729495 0.951554 0.866060 -0.365008 0.897203 -0.364805 0.454159 0.760264 -0.177496 0.867537 0.866500 0.558216 -0.630507 0.223963
0.134086 -0.535635 -0.281477 -0.046796 0.209424 -0.252081 -0.017109 -0.613480 0.529078 -0.460283 0.484733 0.515553 0.854206 0.734258 -0.350209 -0.506432 -0.916347 -0.239252 0.223010 0.187612 0.751566 0.041298 0.654020 0.991673 -0.208778 0.115402 0.261297 -0.417641 -0.390892 -0.077306 0.226269 0.033939
0.659787 0.445294 0.557462 0.392228 -0.172881 -0.642243 0.425269 -0.090634 0.383435 0.592972 -0.752912 -0.101203 0.047635 0.582133 0.899508 -0.238786 0.824506 0.319061 0.737637 0.424095 -0.380963 -0.107484 -0.764892 -0.594297 -0.493778 0.710822 -0.988499 -0.524243 -0.048576 -0.841190 -0.510574 0.239532
0.650505 -0.703488 -0.926558 0.333993 -0.403117 -0.901937 -0.643503 0.222180 0.189938 -0.645161 0.157933 -0.813747 -0.262861 -0.864667 0.100942 -0.730908 -0.451163 0.049292 0.224107 0.459457 0.974379 0.377309 0.972557 0.217689 0.050782 -0.292293 0.125269 0.263715 -0.640186 0.417174 -0.996838 0.250921
0.696140 0.997974 -0.332415 0.275007 -0.597626 0.580391 0.013379 -0.987737 -0.317277 0.231987 -0.648742 -0.324126 0.832326 0.291304 0.254401 0.073935 0.567978 0.485169 -0.401313 -0.368994 -0.583475 0.599071 -0.292809 -0.439080 0.967238 0.684812 -0.220867 0.729187 0.410532 -0.936744 -0.005891 -0.096187
-0.567720 -0.775537 0.555581 -0.112452 -0.034674 -0.619577 0.464882 0.551066 0.743598 0.876048 -0.734566 -0.081263 0.044690 0.864675 0.188575 -0.066248 0.041155 -0.375038 -0.375714 -0.358239 -0.446701 -0.117769 -0.701359 -0.969487 0.028121 -0.299364 -0.716886 -0.433465 -0.857514 -0.322522 -0.739852 0.350992
-0.892400 -0.642034 0.185512 0.398731 -0.375119 0.425797 0.066970 0.511486 -0.736409 0.839378 -0.088832 0.420432 -0.536612 0.722193 0.825723 0.399229 0.577557 -0.093434 -0.049331 -0.077517 0.535883 -0.745212 0.635106 -0.348261 0.584862 -0.198367 0.241750 0.947783 -0.318572 0.181940 -0.129293 0.089054
0.325225 0.861727 -0.026739 -0.074183 0.644046 0.911767 -0.782511 0.542687 -0.011410 -0.818934 0.774523 0.272266 -0.706549 0.062512 0.155863 0.363034 0.140553 -0.390900 -0.130546 -0.311471 -0.983761 -0.191605 -0.411631 0.097770 0.406708 -0.281511 0.731359 0.404444 -0.363745 -0.236870 0.324975 -0.623546
