64 64
0.651470 -0.176922 -0.152304 0.536628 -0.721445 -0.409969 -0.277026 -0.357715 0.163498 0.449185 0.277191 0.579890 -0.633844 -0.006089 -0.031313 0.136379 -0.707320 -0.494929 0.626229 -0.993466 0.868244 -0.090479 0.167167 0.134907 -0.898014 0.963393 -0.047264 -0.761110 -0.277330 -0.890996 -0.445288 -0.463171 0.851496 -0.590215 0.133135 -0.324788 -0.445652 -0.539023 0.141234 0.105232 -0.696594 -0.366564 0.611421 -0.593718 0.908947 0.480912 -0.460542 -0.808633 -0.558053 -0.668715 -0.559317 -0.522459 0.159275 -0.226593 -0.799267 0.424850 0.478329 0.230106 0.082529 0.763613 0.579176 -0.355840 0.231276 0.213108
0.406913 0.397858 0.576140 -0.371576 -0.502469 -0.538209 -0.060574 0.870531 0.395162 0.600201 -0.309632 -0.018085 0.818376 -0.490149 -0.266810 -0.042938 0.707294 0.198210 0.691805 -0.270856 -0.820055 -0.815246 -0.899870 0.864020 -0.413694 -0.442973 -0.541823 0.041016 -0.815458 0.309244 0.907678 -0.648112 0.884032 -0.527510 -0.609230 -0.865236 0.634580 -0.751725 0.521721 -0.694563 -0.508707 0.710815 0.026492 0.009019 -0.730102 -0.688181 0.723377 0.147729 -0.508422 -0.780248 0.280272 -0.865852 -0.998853 0.597676 -0.209966 -0.192203 0.924210 -0.292129 0.436712 0.503263 -0.184643 -0.000547 -0.586214 -0.264997
0.208792 -0.248112 -0.370910 -0.967917 0.276907 0.730394 0.498451 -0.396056 -0.967244 -0.121948 -0.067302 0.764767 -0.168400 0.895451 0.845493 -0.893761 -0.226886 -0.133235 -0.290451 -0.045784 0.737258 -0.295035 0.843971 0.984199 0.422210 -0.950633 0.042182 -0.193176 -0.079418 -0.430146 0.033995 -0.123204 0.527279 0.558616 0.132701 0.936259 -0.244150 -0.120277 -0.465788 0.829990 -0.232221 -0.916217 0.907119 0.138590 0.651844 0.094112 0.832143 -0.867543 -0.468985 -0.867822 0.962395 -0.013036 -0.080787 0.233597 0.701188 -0.483833 0.778341 -0.338800 0.053418 0.670717 0.365203 0.556592 0.629864 -0.455623
-0.398862 0.982626 0.183386 -0.484715 0.110028 -0.562095 -0.071305 -0.802806 -0.274014 -0.161417 -0.837742 -0.037653 -0.867359 0.778613 0.630122 -0.053652 0.875188 -0.528635 -0.016278 0.176846 0.698900 0.221145 -0.681616 -0.246305 -0.835810 -0.983020 -0.014703 0.940120 0.295940 -0.995825 -0.733033 -0.266466 0.653515 0.143995 0.785759 -0.922116 0.976369 0.642860 -0.660131 0.986962 0.186740 0.052175 -0.431110 0.212335 0.286928 -0.807760 0.378064 0.704313 0.389818 -0.282496 -0.412693 -0.197812 -0.529750 -0.381348 -0.518637 -0.689562 0.175366 -0.784651 -0.701346 0.540733 0.158541 -0.129330 0.288622 0.104240
0.874872 -0.053543 -0.686938 -0.867889 0.706135 -0.626875 0.316659 0.418283 -0.734193 0.933394 -0.370423 0.133137 -0.985123 0.908579 -0.026212 -0.703664 -0.519953 0.914125 0.441569 0.541720 0.422730 -0.253952 -0.034403 0.002154 -0.334964 0.473091 0.061738 0.987262 0.224449 0.899634 -0.090095 0.094246 0.511547 -0.334789 0.254085 -0.050965 0.858097 0.217521 -0.369641 -0.101457 0.304109 -0.541054 -0.491716 0.061486 0.904017 -0.206040 0.917275 -0.452731 0.093092 0.003504 0.589259 -0.387592 -0.897609 -0.573171 -0.424886 -0.530333 0.121509 0.090127 0.370168 0.293686 -0.958618 0.498820 0.314914 -0.168849
-0.591813 -0.804791 -0.381015 0.097361 0.965627 0.706061 -0.520897 0.588853 0.930287 -0.097417 0.532000 -0.069406 0.335997 -0.833464 -0.293520 -0.621400 0.450630 0.240684 0.532968 -0.675416 0.044173 -0.611659 0.514629 -0.319638 0.513513 0.024840 -0.575280 0.274978 0.495469 0.986044 0.314051 -0.011250 -0.225449 -0.601774 -0.094181 -0.289157 0.867840 -0.168933 0.939167 -0.829549 0.189297 -0.767012 -0.011309 0.451807 0.249893 0.670453 -0.375884 -0.413097 -0.890174 0.928156 -0.483437 -0.693926 -0.175940 0.061925 -0.383230 -0.954536 -0.344492 0.739010 0.205813 -0.274936 -0.471600 0.776817 -0.575379 -0.536961
0.682934 0.082613 0.623154 0.154724 -0.405587 -0.404908 0.504604 0.837677 0.315795 -0.895893 0.897968 -0.786343 -0.061554 0.083929 0.181708 0.588214 -0.663240 0.138030 0.261678 -0.563164 -0.661261 0.727651 0.979294 0.045950 0.589322 -0.624900 -0.881257 0.333765 0.055562 -0.190959 0.821492 -0.501939 -0.750702 0.296675 0.955632 -0.617670 -0.743618 0.281641 0.342048 -0.919588 0.489760 0.368136 -0.563729 0.149149 0.434473 -0.972480 -0.587333 0.448628 0.737602 -0.177746 0.360629 -0.596902 -0.586437 0.739902 0.324607 0.898286 -0.495777 -0.682790 0.667380 0.048564 -0.779167 -0.433108 0.538107 0.525267
-0.091142 -0.551369 0.727696 0.927016 -0.039299 -0.733027 0.290441 0.972986 0.283777 -0.464648 -0.490378 0.724005 -0.379566 -0.874064 -0.785762 -0.495802 0.915358 0.711700 0.848861 0.255039 -0.993258 -0.345247 0.107745 -0.997079 -0.783068 0.528324 0.609186 0.257694 0.921308 -0.286225 0.249238 -0.350570 -0.286239 0.064972 -0.138354 0.379459 0.791851 0.733103 -0.175280 -0.854792 0.951855 -0.728558 -0.563059 -0.487087 -0.181724 0.286038 0.786205 0.847134 -0.812980 0.196647 0.876543 -0.047975 -0.665925 0.457329 -0.020901 0.591445 -0.799813 -0.541342 -0.999814 0.869310 0.112574 0.477801 0.143408 -0.614911
-0.531561 -0.641217 -0.604711 -0.877450 0.237292 0.451488 -0.266715 0.522185 -0.136355 0.667239 -0.243828 -0.929741 0.685815 -0.830345 -0.853574 -0.130763 -0.667622 0.427445 0.061732 0.183366 0.171241 -0.093890 0.188539 -0.568825 -0.655730 -0.109848 0.212563 0.596604 -0.607461 0.545116 -0.817951 0.593204 -0.892416 0.067086 0.120130 0.299311 0.633409 -0.640415 0.597886 -0.898484 0.087341 0.078006 0.050152 -0.477720 0.656220 -0.018983 -0.720575 0.397551 -0.704356 -0.155755 -0.839686 -0.078202 0.985504 -0.933788 -0.945356 -0.951586 -0.939305 0.515117 0.171681 -0.619156 -0.803479 0.078063 0.574932 0.209742
0.976806 0.344357 0.008040 -0.415724 0.091550 0.336287 -0.425632 0.535974 0.648714 0.243310 -0.241109 -0.130620 0.198423 -0.477429 -0.309296 -0.277067 0.060070 0.126003 -0.701454 -0.544310 0.322648 0.643156 -0.249349 0.428576 -0.893927 -0.179633 0.116525 0.573046 0.248796 0.877194 -0.630467 -0.464379 -0.755179 0.669796 0.111587 -0.990057 -0.482677 -0.645110 -0.003106 0.031327 0.527706 -0.871668 -0.690278 0.393289 -0.409698 0.142841 0.461104 -0.682814 -0.160401 -0.263487 0.056642 -0.380830 -0.835663 0.644074 0.964417 -0.290648 0.515316 -0.915362 -0.541842 -0.320139 -0.412334 0.822866 -0.830786 -0.177617
-0.418798 0.629444 0.836103 0.461560 0.112181 -0.643091 -0.336898 -0.068635 -0.876940 -0.924918 -0.884953 -0.522366 -0.582126 -0.289873 -0.484566 0.417756 -0.556242 -0.795649 0.199710 0.442503 0.088756 -0.602762 0.261747 -0.566435 -0.353960 0.764766 0.446722 0.836261 0.009773 -0.345118 -0.076574 -0.185605 0.728032 -0.978656 0.640698 -0.941204 0.557266 -0.744186 0.848653 -0.245418 0.405677 -0.432702 -0.760598 -0.168978 0.242116 -0.264190 -0.732147 -0.377544 -0.753653 0.543735 0.078459 -0.205996 0.676130 0.513042 -0.658799 0.883200 0.011705 -0.097416 -0.163462 0.867556 0.714555 0.039360 0.494291 0.260956
-0.325016 -0.209007 0.581464 0.387373 -0.742427 -0.964062 -0.614123 0.040513 -0.218821 -0.823241 -0.945461 -0.088742 0.490323 -0.648984 0.794987 0.634795 -0.633192 -0.029228 -0.151053 0.804836 0.967840 -0.419198 -0.768343 0.109061 0.970294 -0.314781 0.725667 0.473316 -0.185086 0.290271 -0.751726 -0.258874 -0.963892 0.014799 0.161687 -0.421301 0.869923 -0.093784 0.614650 0.195701 0.885182 0.248968 0.739160 0.660564 0.518989 0.351817 0.708404 0.044425 0.567062 0.273554 -0.706136 -0.411185 0.774677 0.584597 0.906577 -0.783290 0.614155 0.561056 -0.140251 0.921256 0.244436 0.115817 0.280479 -0.164593
0.283872 -0.568186 0.989384 0.213462 0.325087 0.300379 0.040417 0.122307 0.637546 -0.993856 -0.185056 0.963196 0.132536 -0.940120 0.568152 0.526211 -0.706775 -0.813005 0.145827 0.260706 -0.566736 0.617484 0.661228 0.532982 -0.372611 0.847652 0.686616 -0.202659 0.175222 0.699527 0.797988 0.665060 0.504666 0.335433 0.200785 -0.221427 -0.766432 -0.225625 -0.837572 0.223780 0.646650 0.890687 -0.888027 -0.839791 -0.853674 -0.891353 -0.645622 -0.608201 -0.113373 -0.712704 -0.558978 -0.966364 -0.114610 -0.675375 -0.101950 -0.193562 0.342787 -0.310899 -0.815861 0.449976 0.845658 0.963965 0.864970 0.555480
0.873149 -0.474402 -0.603122 -0.821626 0.862773 0.861222 0.831639 -0.065614 -0.071490 0.992222 0.356065 -0.673234 -0.562258 0.650335 -0.364488 0.092226 -0.248038 -0.105021 0.090378 0.185110 -0.662613 -0.904429 -0.411967 0.634923 -0.430479 -0.096523 0.664001 0.068364 0.810086 -0.000683 0.830341 0.667916 0.756363 0.177986 -0.795324 0.038849 -0.656761 0.469096 0.462457 -0.532271 0.652667 0.078720 0.696152 0.363063 -0.941686 0.500542 -0.954163 0.177223 -0.142622 0.988935 0.400223 0.876389 -0.189831 -0.706912 -0.269827 0.081241 0.681361 0.258350 -0.681566 0.357494 -0.970336 0.977747 0.373495 -0.699319
0.302603 -0.854493 -0.345215 -0.086549 -0.921130 0.545142 -0.140078 -0.422392 -0.967667 0.784353 -0.338237 0.210333 0.324627 0.950019 0.382813 -0.416265 0.764982 0.470849 0.259032 -0.432868 0.091385 0.620519 0.390561 -0.286124 0.790392 -0.219008 0.538215 -0.947564 -0.450200 0.927047 0.255638 -0.010203 -0.231051 0.247282 0.011611 -0.692169 -0.359767 -0.012186 0.581056 0.363125 0.287099 0.584810 0.391003 0.327140 0.511134 0.455377 -0.086729 0.346022 0.799534 0.492946 -0.463355 0.047170 -0.211866 0.652937 -0.628622 0.903280 0.478721 0.579070 -0.555606 0.092364 0.145189 -0.190198 0.368939 -0.626796
0.444842 -0.644203 -0.221847 -0.656286 -0.556696 -0.313350 0.372875 0.720900 -0.787579 -0.261537 0.291642 0.912518 0.117370 -0.359117 0.360206 -0.551587 0.256256 0.350853 0.153929 -0.773606 -0.031502 0.043085 0.163954 -0.924619 -0.579628 -0.349508 -0.346464 -0.785556 -0.267780 0.635078 0.691751 -0.523702 0.703119 0.919600 0.693210 0.286624 0.900774 -0.929616 -0.086734 0.895950 0.183470 -0.879715 -0.736731 -0.456636 0.689404 0.712907 -0.674421 -0.338214 0.618783 -0.883262 0.545851 0.584591 -0.115597 -0.664820 -0.324219 0.481604 0.082699 0.176642 0.593205 0.425352 -0.644450 0.916010 0.935269 -0.143785
-0.727749 0.764980 0.603243 -0.540853 -0.535821 -0.737744 0.766168 0.598624 -0.861515 -0.320140 -0.591817 0.111092 -0.799261 0.702244 -0.233865 0.990201 -0.000831 0.980926 -0.101991 -0.117872 0.286291 -0.987269 0.030628 -0.664582 -0.581698 0.051655 -0.654252 0.632712 -0.619153 -0.599638 0.682334 -0.390261 -0.245687 -0.820298 -0.475219 0.435089 -0.951549 -0.056679 -0.825816 0.573846 -0.039841 0.493653 0.255469 -0.242181 0.884275 0.237223 0.551036 -0.092853 0.107600 -0.215009 -0.636695 -0.758140 -0.873356 -0.603358 0.456607 0.310792 0.913382 -0.348355 0.153296 0.229618 0.763117 0.465610 0.314494 0.280715
0.101318 -0.666872 0.404941 0.155210 -0.593627 -0.383877 -0.021794 0.474230 -0.562268 -0.420314 0.142087 -0.492208 0.549862 0.450060 -0.106347 0.721228 -0.626411 -0.860235 -0.507021 -0.062978 -0.004598 -0.019345 -0.346246 0.116625 -0.513946 0.624642 -0.802887 -0.205737 0.725956 -0.653467 -0.469377 0.213160 0.769651 0.011831 -0.301374 0.479962 -0.255614 -0.630688 -0.211308 0.675709 0.995091 -0.596010 -0.395793 0.290814 0.710371 -0.781038 0.670368 -0.579897 0.797079 -0.954319 0.154377 0.459534 -0.303505 -0.394419 0.307509 -0.614297 -0.607335 -0.168831 -0.579166 -0.814142 -0.709632 -0.698137 -0.585509 0.373572
-0.079310 0.320366 0.211675 -0.821527 -0.194607 -0.638586 0.443341 0.445999 0.851061 0.864805 0.245948 -0.925954 -0.137103 0.072297 -0.089313 0.622518 -0.792741 -0.435910 -0.431099 0.366083 -0.718778 -0.982516 0.963968 -0.426574 0.679983 0.401251 0.935353 0.679292 0.484224 0.610724 0.333901 -0.743593 -0.006884 -0.805664 -0.762699 -0.152276 -0.346722 -0.386110 -0.575975 0.883025 0.557042 0.980200 -0.155080 -0.676092 -0.010286 0.198134 0.437682 -0.137556 -0.955239 -0.747034 0.300189 -0.315219 0.728110 0.368897 -0.556326 -0.429088 -0.750611 0.815961 -0.007226 0.279677 0.786085 -0.870235 0.354137 -0.256060
-0.655035 -0.040857 0.673540 -0.131630 0.109883 0.594518 -0.922539 0.822936 0.107687 -0.202723 -0.820039 0.032560 0.033704 0.340389 -0.703736 0.439585 0.408608 -0.609028 -0.094074 -0.076108 -0.840585 0.740458 0.061388 -0.399527 -0.650039 -0.950420 -0.636548 0.056245 -0.148183 -0.492479 -0.759007 -0.602070 0.744336 -0.194840 0.838912 -0.491558 -0.212752 -0.842133 0.049232 0.398955 -0.935831 -0.194031 -0.378797 0.178628 0.590207 0.177029 -0.751353 -0.960704 0.171129 0.882953 0.429806 0.715841 -0.460887 -0.501419 -0.868442 -0.915406 0.003672 -0.404742 0.643423 -0.210000 0.979396 0.296054 0.180634 0.627331
0.113084 -0.178226 -0.800846 -0.426690 -0.040216 -0.533402 -0.355361 0.473936 0.339463 0.165728 0.991341 -0.970679 0.822142 -0.138426 0.320645 -0.065463 0.639627 -0.656944 -0.890155 0.330716 0.606499 -0.809844 0.873025 0.598372 0.368692 0.143125 0.769902 -0.102839 -0.776087 0.925038 0.075004 0.929164 0.016435 0.702801 0.856151 -0.391772 0.515665 0.760355 0.026291 0.142175 0.013696 -0.976932 0.623741 -0.906355 -0.053449 0.685185 -0.239500 0.191361 0.295904 -0.684338 0.348681 0.582927 -0.153051 -0.699126 -0.215791 0.340552 0.329167 -0.913731 0.426764 0.580942 -0.152954 -0.911958 0.284654 -0.431765
0.381861 -0.333386 -0.785982 0.162067 0.317262 -0.636549 0.769535 0.404022 0.219650 -0.502690 0.223608 -0.093880 -0.870480 0.121666 -0.715321 -0.288857 0.651040 0.085239 0.005066 0.578688 0.069244 0.003618 0.760669 -0.482937 0.981190 -0.109651 -0.150171 -0.873180 -0.571096 0.172996 0.449542 0.510982 0.629727 0.746266 -0.784079 0.439429 -0.316542 -0.912418 0.112588 -0.335099 -0.956138 0.812858 -0.395824 -0.750861 -0.364233 -0.613503 -0.943490 -0.195871 0.511211 0.823108 0.544800 -0.482616 0.506016 0.093409 0.458972 -0.076550 -0.806204 -0.458260 0.990553 0.679469 0.838233 0.894370 0.232936 0.609533
0.950512 0.237090 0.860620 -0.375299 -0.819408 -0.477562 0.319813 0.227394 0.359046 0.374905 -0.277368 -0.237020 -0.297478 -0.842787 -0.876266 0.075635 0.615008 -0.371224 0.418713 0.029336 -0.255223 -0.028984 0.188235 -0.397734 0.060706 -0.642145 -0.247329 0.730368 0.481120 -0.130184 -0.899995 -0.475738 0.581006 -0.152819 0.512533 0.784927 0.565034 -0.362135 0.562519 -0.942217 0.714075 0.597860 0.566558 -0.631349 0.401197 -0.207019 0.216480 -0.892602 0.350535 -0.626524 -0.411775 0.596384 0.762708 -0.052103 0.527618 -0.219713 -0.646245 -0.800171 0.944824 0.913091 0.034139 -0.880063 0.958858 -0.050829
-0.207838 0.983274 0.749238 0.191049 -0.111823 -0.972760 -0.107769 -0.182903 -0.671780 -0.847721 0.839044 0.057524 0.519444 -0.544048 0.177484 0.505118 0.108215 0.271116 -0.470546 -0.380474 0.114984 0.006925 -0.275942 0.900047 0.351641 -0.388994 0.304414 -0.708716 0.760109 0.888929 0.425850 0.539502 0.472958 0.364344 0.631198 -0.123223 0.528315 -0.413060 0.484523 -0.938590 0.110178 -0.660568 -0.050534 0.310110 0.693590 -0.225950 -0.916595 0.270683 0.217762 -0.540911 0.006083 0.248258 0.695541 -0.976369 0.726446 0.480613 0.430311 -0.051659 0.810006 -0.309319 -0.491795 0.911023 -0.145005 -0.579468
-0.276736 0.205535 0.409154 -0.968861 0.511304 0.339036 0.191513 -0.087013 0.322141 0.470682 0.135797 0.172652 -0.689993 0.381200 0.986415 0.157550 -0.041317 -0.101172 -0.246316 -0.820917 0.196435 -0.237323 -0.464401 0.663283 0.184786 -0.529068 -0.793593 0.970661 -0.000062 0.633823 0.133162 0.034162 -0.901248 0.848246 -0.757747 -0.970194 0.777927 0.383330 -0.132059 0.820082 0.262758 0.116217 -0.038307 -0.977592 -0.409057 0.593719 0.834538 0.106065 0.299751 -0.829895 -0.905271 -0.157720 0.712429 -0.610025 0.732709 0.664115 -0.930262 0.546189 0.670602 -0.635241 0.631161 0.904994 -0.124930 -0.960910
-0.128177 0.336884 -0.815945 0.294610 -0.401818 -0.819407 0.986235 -0.435615 0.083308 0.228237 0.182963 -0.061132 -0.969911 0.520418 0.096470 -0.718347 0.134936 -0.681389 0.569823 0.079871 0.040078 -0.763373 0.364256 0.563179 -0.938730 -0.142491 0.687786 0.793584 0.189403 0.886536 0.762359 -0.282987 0.262119 0.662074 -0.970615 0.106592 0.887216 -0.262912 -0.854321 -0.328771 0.914674 -0.086164 0.341928 -0.406404 0.568117 0.345949 0.102852 0.217103 0.879931 -0.645948 0.886050 0.175270 0.622326 0.826826 0.462823 -0.736219 -0.306777 -0.027787 -0.362079 -0.747162 -0.716928 -0.265662 0.420613 0.468635
-0.201403 0.796953 0.901278 -0.577456 0.695237 -0.644749 0.119980 0.442239 -0.989886 0.040341 0.633654 0.377695 -0.519259 -0.160629 0.867921 0.589683 -0.037059 -0.297135 0.396030 -0.817066 0.949449 0.687681 -0.781585 -0.827653 -0.838258 0.487736 0.633881 -0.893520 -0.600781 -0.858240 -0.372180 0.913962 0.401322 -0.826753 0.570415 -0.345542 0.621456 0.134974 0.186196 0.730409 -0.736990 0.913100 -0.173161 0.918672 0.029341 -0.051730 0.621874 0.803393 -0.858554 -0.909192 0.122961 -0.556442 -0.063456 0.941640 0.456744 0.048036 -0.516087 -0.697232 -0.188737 0.091340 -0.141466 0.095907 0.992912 0.861898
0.094325 -0.364161 0.842275 0.261244 -0.188216 -0.905134 -0.108968 -0.446600 -0.279788 -0.295122 -0.205868 -0.634455 0.188133 -0.333387 -0.785720 0.399674 0.332165 0.778966 -0.833331 0.557818 -0.810491 -0.961807 -0.410136 0.363954 0.405394 -0.952414 -0.258102 0.635145 0.397265 -0.645747 -0.834614 -0.124525 0.587773 0.743846 -0.684183 0.624912 -0.842120 -0.570802 -0.633814 0.933225 0.372787 0.267433 -0.936019 0.911723 0.529970 0.689050 0.101489 0.416594 -0.267685 -0.538801 -0.868474 -0.214659 0.244081 0.545723 0.380059 -0.993992 0.875375 -0.143184 0.397459 -0.871181 0.253722 0.910824 -0.326379 0.783814
-0.281652 -0.512738 0.134164 -0.277308 -0.881350 0.138789 0.288251 -0.143054 0.648496 0.093471 -0.044999 0.390904 -0.042036 0.360436 0.912833 0.140552 0.162106 -0.250063 -0.994442 -0.246046 -0.685649 -0.564068 0.656885 -0.574967 -0.489792 -0.632710 0.074478 -0.877703 0.894050 -0.701097 -0.384569 -0.860512 -0.936103 0.790060 0.353534 -0.988763 0.082028 0.020873 -0.697066 -0.823228 -0.560112 0.855037 0.356677 0.847059 0.508474 0.112967 -0.097705 0.721408 0.186838 -0.153005 -0.907148 -0.519461 0.764611 0.769489 -0.259912 -0.844525 -0.073265 0.191675 -0.110165 -0.311496 0.427389 -0.638135 0.914870 0.590523
-0.658166 0.820772 0.044508 0.445579 0.131087 0.545605 -0.577128 0.100476 0.177083 0.499249 -0.059110 -0.811607 -0.911086 0.984831 -0.527334 0.616592 -0.568106 -0.249125 0.017041 0.798429 -0.447778 -0.378017 -0.808051 -0.663757 -0.674973 0.102400 0.073309 0.677365 0.324971 -0.496076 -0.025451 -0.577155 0.498612 -0.780588 0.906973 0.204887 -0.979584 0.254606 -0.927769 -0.898585 0.391757 -0.737599 -0.003946 -0.745616 -0.512601 -0.917142 -0.738714 -0.329070 -0.493069 0.364364 -0.311131 -0.538382 -0.086164 0.806187 0.074538 -0.857925 -0.676202 -0.168579 0.371575 -0.060647 0.216237 -0.681757 0.061772 0.570316
0.684294 0.642356 -0.225801 0.134978 -0.593952 -0.026304 -0.266215 -0.262851 0.682869 -0.078991 0.781849 0.400852 -0.831775 -0.212567 -0.393607 0.526134 0.312054 -0.137030 0.369716 -0.622871 -0.166335 0.294446 -0.092769 -0.662113 0.764128 -0.408965 -0.567116 -0.725109 -0.312955 0.390853 -0.697389 0.700301 0.909920 -0.014015 0.900742 0.479811 -0.704962 -0.377730 -0.830729 0.365397 -0.597974 -0.521156 0.931388 0.894469 -0.626682 -0.884794 -0.550174 -0.595386 0.617834 -0.842629 0.696679 -0.188664 0.437536 -0.066191 0.832275 -0.462874 -0.092937 0.789829 -0.463498 0.802976 0.893979 -0.520142 -0.055624 -0.213945
0.189294 0.924550 -0.582757 -0.841843 -0.260122 0.816517 0.850586 0.834130 -0.824923 0.520836 -0.353807 0.151433 0.688479 0.706897 -0.093599 -0.726582 0.434809 -0.468610 0.866250 0.995392 0.301330 -0.504375 0.881917 -0.398005 -0.382107 -0.888327 -0.559979 -0.547989 0.361339 0.068316 -0.756036 0.643903 -0.715823 -0.263279 -0.815244 -0.438297 -0.274504 -0.441280 -0.134109 0.595021 0.688283 0.357425 -0.005560 -0.672799 0.631736 0.058074 0.750624 -0.554871 -0.094067 -0.199390 -0.623399 -0.777050 0.291411 0.526384 0.630582 0.864858 0.855143 0.298154 -0.908739 -0.696034 -0.643637 -0.381622 0.325136 -0.760170
-0.397752 0.384599 0.836946 0.058173 -0.826311 0.816866 -0.603769 -0.297871 0.551131 0.441692 -0.627026 0.711890 -0.312061 0.932720 0.786503 -0.573583 -0.662048 0.541716 0.398621 0.044425 -0.997152 -0.052637 0.788804 0.563717 -0.546726 0.014552 -0.060915 -0.902090 -0.908877 0.214269 -0.758414 -0.683210 -0.237734 -0.017216 -0.800447 0.904300 -0.555477 0.355542 -0.634230 0.718060 0.683629 0.414903 0.719059 -0.043047 0.507503 -0.580360 -0.566618 -0.694467 0.839285 0.269481 -0.415926 -0.307788 0.716129 0.434710 0.370656 -0.642724 -0.189945 0.642106 0.986116 0.312179 -0.515514 0.580712 0.597476 0.295509
-0.456888 -0.016447 -0.527370 -0.369489 0.899556 0.306402 -0.972896 -0.560497 -0.197415 0.569090 -0.541523 -0.052947 -0.873485 0.581508 -0.363159 0.598564 0.319376 -0.143762 -0.855958 0.836624 -0.143470 0.866690 0.441793 -0.576960 0.094244 -0.630274 -0.998944 -0.492758 -0.683409 0.245499 -0.807812 -0.820389 0.881602 0.503796 0.893270 0.063961 -0.188033 0.046440 -0.670053 -0.032255 0.203884 -0.736297 0.349900 0.918288 0.927669 -0.049691 -0.295166 0.871939 0.369876 0.396567 -0.769424 0.539927 -0.623248 0.344227 0.273868 -0.750622 -0.757897 0.684330 -0.027420 0.986375 -0.087810 -0.040124 -0.997619 0.122525
-0.381626 -0.129483 0.144792 0.846714 -0.821946 -0.228686 0.381252 0.715802 -0.186588 0.398063 -0.924730 0.950103 0.232917 -0.117241 0.269979 -0.725294 -0.554520 0.389443 0.438032 -0.300471 -0.677795 -0.587260 0.974896 0.228163 0.241530 0.139834 -0.213058 -0.172105 -0.402926 -0.476550 0.846692 -0.385217 -0.854012 0.223973 0.856006 0.505963 0.411374 -0.448424 -0.547170 0.754147 0.051649 0.314765 -0.707792 -0.343624 0.210878 0.870359 0.338016 0.541074 0.716267 -0.501646 -0.984048 0.142014 0.382544 -0.042526 -0.346353 0.037144 0.260595 -0.258912 0.171210 -0.748678 -0.914179 -0.134325 0.857801 0.221877
0.645921 0.474593 -0.727279 0.467678 0.716943 0.057530 -0.619371 0.256009 0.927685 -0.139512 0.845396 0.888764 -0.279008 -0.481250 -0.224227 -0.554355 -0.258027 -0.406753 0.657627 0.341497 0.715951 -0.084961 -0.186845 -0.962567 -0.098476 0.008869 0.601992 0.643109 -0.934661 0.977153 0.421511 0.138162 0.506526 -0.694019 -0.820659 -0.025409 -0.871177 0.987094 0.682945 -0.543238 0.669430 -0.673261 0.219004 -0.218313 0.503213 0.507783 -0.602059 0.988033 -0.532454 -0.731116 0.983013 0.755629 -0.561081 -0.063108 0.384516 -0.144447 0.865629 0.711806 -0.043224 0.501808 0.797290 -0.444012 -0.887900 -0.653917
0.163442 0.632129 -0.941913 0.835800 -0.906667 -0.083095 0.599110 0.594327 -0.967229 -0.673911 0.594137 0.762160 0.628648 0.832584 0.766196 0.552376 0.834689 0.381968 -0.479100 0.573319 0.724531 -0.899907 0.083248 0.840996 0.355277 -0.321043 -0.871822 0.197594 0.169867 -0.229445 -0.436505 0.014266 0.894309 0.254402 0.538842 -0.627386 -0.828095 0.061832 -0.916073 0.965040 0.614685 -0.900007 0.951996 0.710115 -0.030537 0.595875 0.196528 0.175514 -0.496362 0.196355 0.794800 -0.795953 0.810632 0.496877 0.115113 -0.957072 -0.700693 -0.647705 0.370198 0.758140 0.916228 0.480076 0.079157 0.952324
-0.114363 -0.962957 0.037130 0.160221 -0.458076 -0.667580 0.227699 0.014974 0.224155 -0.621067 -0.006330 0.807547 0.269322 0.895257 -0.366935 -0.630027 -0.051669 -0.679964 -0.692778 0.771645 -0.832570 -0.732358 0.145409 -0.698181 -0.857328 0.910100 -0.563267 -0.364508 0.402263 -0.128217 0.440403 -0.182789 0.445440 0.907911 -0.246034 -0.481582 0.292614 -0.805808 -0.786062 0.520566 -0.454777 0.701983 -0.685932 -0.832584 -0.811278 0.564222 -0.407855 0.766872 0.076653 0.086880 0.982868 -0.983128 -0.780529 0.112544 -0.381392 -0.732870 -0.998080 -0.644677 0.831133 0.276562 0.663817 0.551877 0.275612 0.740433
0.550142 -0.129311 -0.407611 0.221030 -0.127763 -0.849793 -0.388723 -0.431356 0.063795 -0.774464 0.875322 0.136704 0.731682 0.725402 0.650765 0.218821 -0.444630 -0.806930 0.396618 0.099105 0.750367 -0.958126 -0.663817 -0.989235 0.495991 -0.613216 0.745936 0.263617 -0.641079 0.058920 0.419569 0.106301 -0.164140 -0.658168 0.534613 -0.097796 -0.135609 0.512573 0.715589 0.111620 0.764028 0.785914 0.765528 0.629115 0.493968 0.269999 0.926950 0.500085 -0.645934 -0.504336 0.930264 0.946295 0.327648 -0.597750 0.217548 0.081129 0.941633 -0.626330 0.456646 -0.046259 0.528508 -0.960430 -0.035443 0.301285
0.258299 0.164002 0.797708 -0.799098 -0.467198 0.242340 -0.110811 -0.078711 -0.778662 -0.162001 0.286503 -0.402183 -0.643610 0.981352 -0.698649 -0.262721 -0.201492 -0.658370 0.149492 -0.352654 0.233485 0.782218 -0.347699 0.342325 -0.981935 -0.404277 0.723306 -0.463766 0.529664 0.180531 -0.874142 0.237472 0.124872 0.190578 0.359431 -0.296113 0.141957 -0.849464 0.605455 0.693960 -0.075913 -0.083329 -0.313275 0.163050 -0.786364 0.552811 -0.469558 0.584670 0.280019 0.751677 -0.658197 0.973170 -0.720918 -0.206585 0.203659 0.679735 0.069283 0.040167 -0.998910 0.146269 0.331451 -0.035065 0.081714 0.190009
0.666815 -0.788027 0.968496 -0.701245 0.576606 -0.905513 0.359314 0.519545 0.184348 0.192880 -0.965425 -0.285127 0.115916 -0.616836 0.082725 0.981055 0.138964 -0.040295 -0.960989 -0.055792 0.285478 -0.774003 -0.144546 -0.754250 0.837868 0.937858 0.190612 -0.032104 0.909384 0.858251 -0.251550 -0.922761 0.556238 0.820322 -0.127624 -0.369147 -0.643479 -0.638400 -0.336430 0.270405 -0.120846 -0.002192 -0.222405 0.369469 0.194575 -0.347485 0.648179 -0.549552 0.660873 -0.425060 -0.563677 0.657799 -0.887287 -0.211227 0.893010 -0.864021 -0.055397 0.280185 -0.073371 0.544802 0.091156 -0.306990 0.350214 -0.658062
-0.389452 -0.307449 -0.374744 0.954997 -0.263513 -0.866880 -0.895549 -0.905673 -0.814508 -0.385487 0.529372 -0.286756 -0.123279 0.486700 -0.775730 -0.077512 -0.399439 0.142152 -0.421230 -0.593651 -0.023339 -0.555509 -0.564454 0.575031 -0.520708 0.836888 -0.145752 -0.051131 -0.649835 -0.863365 -0.040162 -0.980715 -0.130410 -0.874810 -0.109659 -0.346571 0.853164 -0.034738 0.023716 0.129050 -0.150288 -0.414925 -0.006872 -0.114614 -0.674829 0.177701 -0.379217 -0.207892 0.151184 0.258210 0.943338 0.219183 0.580593 -0.775669 0.108207 0.154879 -0.532095 0.417740 0.408543 -0.180802 0.809204 -0.410382 0.875766 -0.404918
0.801888 0.448394 -0.123919 0.753683 0.779666 0.419958 0.039799 0.483795 -0.897316 -0.117785 0.462256 0.794388 0.677183 -0.401521 0.278596 -0.096294 -0.971223 0.161199 0.930973 0.621770 0.589610 -0.007321 0.046145 0.046740 0.452239 -0.580160 0.503971 -0.771846 -0.508477 -0.016632 -0.449796 0.152875 -0.954672 0.313382 0.687420 0.691846 -0.109410 -0.259187 0.722886 0.170402 0.578637 0.658118 0.009185 0.509088 0.498005 0.337872 0.346669 0.488826 -0.517738 -0.979130 0.065277 0.969518 0.292637 -0.757475 -0.915475 0.062238 0.595202 0.434358 -0.344519 -0.401326 -0.586832 -0.313498 0.574036 -0.241771
0.830025 0.380414 0.199168 -0.582028 0.237364 0.253263 0.950855 0.683108 -0.266564 -0.099274 0.301323 0.640823 -0.025313 -0.306565 -0.797476 -0.214225 -0.914825 0.016116 -0.027682 0.710521 -0.156352 -0.243579 0.828225 0.042480 -0.490225 0.409591 -0.930076 0.998352 0.897579 -0.590525 0.636271 -0.180811 0.950626 -0.925053 0.093726 0.960258 -0.714580 -0.155559 0.018220 0.267520 -0.093425 0.158023 0.588494 0.150689 -0.910193 -0.479745 0.834885 0.253392 -0.992812 0.011313 -0.443561 -0.091311 -0.360198 -0.776228 0.662316 0.075275 -0.728430 -0.092974 -0.957454 0.612088 0.970239 0.515118 0.641522 0.531333
-0.389866 0.007754 -0.869988 0.096753 0.494826 -0.555111 -0.190594 -0.100986 -0.811414 0.210086 -0.774566 -0.613997 0.746695 -0.627421 -0.733519 -0.666283 -0.476068 -0.659229 0.788877 0.448322 -0.076349 0.515924 -0.886806 0.378934 -0.455777 -0.680878 0.561566 0.286493 -0.034558 -0.802419 -0.711114 0.087972 0.174763 -0.050661 0.965927 0.148673 -0.645088 -0.007982 -0.711694 -0.469971 0.291372 -0.161568 0.656874 -0.615162 -0.136758 -0.569776 -0.701381 0.388917 0.868500 -0.929704 0.558866 0.786525 -0.728916 -0.606812 0.166785 -0.070307 -0.939950 -0.513210 0.595883 -0.948006 0.230672 0.505270 -0.097058 -0.781686
-0.238651 0.018632 0.310172 -0.628724 0.647255 0.844099 0.486963 0.997587 -0.665632 0.928826 -0.987423 -0.510243 0.956742 0.519153 0.573037 -0.632666 0.295892 -0.315358 0.175426 -0.716168 0.873038 0.166682 0.646586 -0.051079 0.234048 -0.634737 -0.293756 0.845899 -0.842194 0.636682 -0.951787 -0.732127 0.654322 0.080100 -0.925889 0.149945 0.910165 0.844375 0.610846 -0.190793 -0.428928 0.071721 -0.042061 0.757616 0.348929 -0.072782 0.815709 -0.461531 -0.952729 -0.123356 0.952843 -0.780929 -0.416848 -0.738741 -0.912776 0.473954 0.866580 0.884775 0.215859 -0.744285 -0.347929 0.080665 -0.459162 -0.921855
-0.551997 -0.179563 -0.625017 -0.980543 -0.667001 -0.016664 -0.703231 0.805325 -0.583725 -0.878081 0.037994 -0.416618 -0.193388 -0.777540 0.032316 0.556290 -0.757364 0.596642 0.909890 -0.231034 0.255551 -0.722273 0.867638 0.163945 0.546669 0.480025 -0.223591 0.466111 0.977984 0.885605 0.095226 -0.483974 -0.898676 0.631871 0.030100 -0.501918 -0.806438 0.906185 -0.807757 -0.363318 0.110592 -0.481724 0.518459 -0.381908 -0.621775 0.695729 -0.273962 -0.521653 -0.940057 0.886899 -0.499234 0.408107 -0.136115 -0.892663 -0.724104 0.442035 0.412680 -0.816796 0.841301 0.026678 0.534116 -0.701416 -0.718523 0.001594
-0.475840 -0.728114 0.825485 -0.614693 0.902070 0.991492 -0.410682 -0.810598 0.900836 -0.335969 0.373237 0.256684 0.949106 -0.964202 0.784509 -0.936586 -0.654214 -0.147059 -0.829494 0.044743 -0.940751 0.491275 0.967218 0.470016 -0.145569 -0.749813 -0.471016 -0.251477 -0.141234 -0.551223 0.782411 0.507839 0.450812 -0.389077 -0.711347 0.975151 -0.400308 -0.949694 -0.334207 -0.001559 0.251843 0.463778 -0.702198 0.116669 -0.017662 -0.661846 0.513725 -0.747565 0.905428 0.973731 0.694608 -0.225146 0.397580 -0.694714 0.967130 0.242802 0.995580 -0.116004 -0.460875 -0.053390 0.324783 0.278224 -0.927001 -0.782294
0.001197 -0.397326 -0.529413 0.623390 -0.385523 0.477841 -0.695279 -0.826239 -0.134353 0.476510 -0.286166 -0.655865 0.319850 -0.433890 0.532830 0.420515 -0.608870 0.062393 -0.994957 -0.532997 0.354336 0.000886 0.612583 0.056470 0.602742 0.986145 0.732343 0.693484 0.985927 -0.678004 -0.377996 -0.442068 -0.627024 -0.763072 -0.378089 0.055785 0.891936 -0.799040 0.744590 0.974909 -0.875036 -0.789931 0.656144 0.824838 -0.821069 0.876717 0.837967 -0.766447 0.379718 0.179388 0.304463 0.561349 0.260682 0.854626 0.879813 0.233678 -0.898143 -0.802956 0.690802 0.642951 -0.270683 -0.759039 -0.124901 0.060218
-0.954732 0.116223 0.674242 -0.993074 -0.064036 0.430118 0.890987 -0.945019 -0.777864 0.951896 0.787515 0.758231 0.975688 -0.019180 -0.604069 -0.546630 -0.161549 0.799341 0.596538 0.347473 -0.267327 0.734263 -0.970539 0.338259 0.596805 0.752678 -0.675461 -0.218594 0.986628 0.526837 0.693832 0.332764 0.601694 -0.286985 0.380187 0.699409 -0.270646 0.754944 -0.356292 0.677459 0.646903 -0.991176 -0.564829 0.958450 0.297555 0.785576 0.697069 0.389676 0.731405 -0.422883 0.006778 -0.979562 0.477180 0.618979 -0.367214 -0.705280 -0.857463 -0.270543 0.100099 -0.418397 -0.509864 0.871436 -0.534655 -0.813055
0.640371 -0.447725 -0.480847 -0.018832 0.170416 0.918312 -0.506436 0.488920 -0.777666 -0.847280 -0.014641 -0.732027 0.530154 -0.803075 -0.690471 0.278984 0.624196 -0.545835 -0.692983 -0.129737 0.981551 -0.154297 -0.717307 -0.116914 -0.592852 -0.072309 0.611018 -0.038631 0.505277 0.445320 -0.026648 -0.543458 -0.628575 0.642676 0.006510 -0.081963 -0.900379 -0.335338 -0.211146 0.962530 -0.628127 -0.399485 -0.166761 -0.979429 -0.245506 -0.043530 0.669670 -0.323485 0.933790 -0.164862 0.207484 0.058028 0.671791 -0.187126 -0.939581 0.837045 -0.213231 -0.647270 0.560344 -0.480584 -0.949201 0.668488 -0.051469 0.484407
-0.345256 -0.141871 -0.982331 0.312475 -0.099536 0.000383 -0.000377 -0.490618 -0.846051 -0.944758 0.053937 -0.638145 -0.195118 -0.089117 -0.880727 0.887386 -0.793425 0.671833 0.302498 0.213495 -0.786784 0.558876 0.766082 -0.422100 -0.191703 -0.935236 -0.792869 0.157170 0.712956 -0.940824 -0.173583 0.137278 -0.808689 -0.467718 -0.462725 -0.878900 0.736703 0.767076 0.843182 -0.839230 -0.108704 0.776345 0.882725 -0.603431 0.670261 0.833641 -0.552246 0.616680 -0.442726 0.957776 -0.989341 0.125643 0.512464 -0.878269 0.231564 0.973281 0.397762 0.209423 0.401429 -0.013487 -0.825987 -0.764254 -0.303877 0.949880
-0.141524 -0.139106 -0.209734 -0.656709 0.105930 0.954461 -0.470450 0.172768 0.445572 0.092263 -0.994422 0.987435 0.692975 -0.910810 0.429737 0.919661 0.190044 0.543294 0.553259 0.764233 -0.934851 0.144845 -0.549659 -0.303008 -0.587420 -0.664455 -0.918526 0.811736 -0.311895 -0.772956 -0.547516 -0.342878 0.794924 -0.190360 0.108768 0.390285 -0.612718 -0.614504 0.699604 -0.673577 -0.985515 -0.306361 0.076732 -0.755102 0.577320 -0.819068 -0.884936 0.502714 0.815347 0.229576 -0.764191 -0.007174 -0.037756 -0.256609 0.812829 0.190595 0.281834 0.803374 0.971967 -0.735122 -0.847973 -0.036765 -0.198435 0.709942
-0.362996 0.017392 -0.496251 0.811412 0.780712 -0.102862 -0.947101 -0.683322 0.066092 0.749120 -0.617896 -0.874411 0.720120 -0.364410 0.439591 0.163773 -0.524474 0.034849 0.834651 -0.720685 0.947650 0.482498 -0.693349 0.090512 -0.491255 -0.357328 0.582434 0.471908 -0.394978 -0.014724 0.268095 -0.603451 -0.531044 0.179136 -0.291420 0.235022 -0.319413 0.331024 -0.450126 -0.332913 0.568776 0.060810 0.082972 -0.358722 0.587469 0.577072 0.015831 -0.749341 -0.663436 -0.566587 0.749792 -0.839694 -0.662454 -0.632866 0.509964 -0.294662 0.867652 0.513866 -0.105556 -0.622594 0.761624 -0.818721 0.585838 -0.452946
0.146795 0.576122 0.310249 0.662951 -0.731242 -0.475448 -0.314618 0.925746 -0.611589 0.671908 -0.962474 -0.850258 -0.831196 -0.258529 0.238374 -0.404243 -0.826313 -0.235357 -0.906446 0.863528 -0.028293 -0.200051 0.846938 0.661907 0.951233 -0.218155 0.051443 -0.979353 -0.543462 -0.457246 0.652325 0.714779 -0.588828 -0.603545 -0.975138 0.234436 -0.813693 -0.725566 -0.801716 0.799856 0.830786 -0.642646 0.789519 -0.046782 0.837173 0.717306 -0.497984 0.247351 -0.445114 -0.861077 -0.319638 -0.117239 0.671787 0.230992 -0.400441 0.764410 -0.561615 0.542991 -0.007579 -0.309299 0.592261 -0.222558 0.140545 -0.668984
0.545422 -0.549211 -0.726369 -0.917075 -0.654087 0.467884 0.305674 -0.993574 0.001720 0.771273 0.887213 -0.218370 -0.357426 -0.967993 0.163102 0.067261 -0.145318 0.692860 0.474078 -0.088779 0.045101 -0.085927 -0.249647 -0.097255 0.712278 -0.487186 -0.065292 -0.224601 0.106905 0.929351 0.318243 -0.825744 0.035058 -0.932884 -0.094377 -0.666126 -0.977814 -0.330957 0.299624 -0.229883 -0.527624 0.764605 0.798851 -0.504043 -0.150388 -0.577452 0.289224 -0.955494 0.401686 -0.759514 -0.633927 -0.179375 0.822449 0.552203 0.542195 0.294085 -0.563940 0.352506 -0.906618 -0.589508 -0.390640 0.392751 0.736916 -0.036844
0.483782 0.988514 -0.956185 -0.394633 0.656872 -0.882635 0.122069 0.529685 -0.197055 -0.940521 -0.626362 -0.860544 0.155761 0.792627 -0.616684 0.162709 0.017940 0.345808 0.073016 -0.760004 0.404856 0.538929 -0.533239 0.475075 0.067787 -0.384078 -0.189550 -0.939586 0.182717 0.329737 -0.825804 0.915283 0.979134 -0.961445 0.550175 -0.162906 -0.239237 0.233860 -0.121622 -0.483073 -0.675188 -0.535999 0.484998 0.572699 0.394749 0.387476 -0.849311 -0.776708 0.720065 0.268035 -0.457841 -0.772204 0.055408 0.517247 -0.794088 -0.494805 0.842016 0.802505 -0.813693 0.878965 -0.771125 0.198154 0.261622 0.759671
0.026355 0.035163 0.921880 -0.681332 -0.668791 0.100536 0.540788 0.684895 0.893053 -0.961519 0.015285 -0.322242 0.283172 -0.448780 0.079674 0.184673 0.199682 0.717159 -0.055504 -0.968888 -0.733062 0.249801 0.271205 0.988531 0.345036 -0.438778 0.606137 0.301921 -0.331984 0.642641 -0.988261 0.471569 0.323848 -0.403487 -0.252130 -0.962865 0.852067 -0.082941 -0.634721 0.139752 0.632725 -0.500149 0.522090 0.836582 -0.249135 0.529710 -0.915943 0.396802 0.002464 0.065577 -0.265567 0.359339 0.747408 -0.456045 0.020042 -0.295444 -0.096461 0.035542 0.424600 0.998125 -0.538358 -0.193536 0.550926 -0.184495
-0.741304 0.133895 0.822742 0.810159 -0.899005 0.209664 -0.668429 0.239765 -0.166094 -0.092590 0.166814 0.785081 0.970533 0.895966 -0.691360 0.206405 0.096323 0.502991 0.730323 0.029536 -0.098120 0.832729 -0.397784 0.050384 0.895054 0.790426 -0.808709 0.055760 0.528872 0.982084 -0.941338 -0.420814 0.957777 0.859892 0.233879 -0.865322 0.482382 0.705814 0.462178 -0.564546 -0.591750 -0.008588 0.271136 -0.735209 0.080292 0.665647 -0.680462 0.879643 0.817181 0.939242 -0.888778 -0.326333 0.140455 -0.146748 0.600799 -0.477962 -0.198642 0.136770 0.553576 0.957994 0.975475 0.067896 -0.829650 -0.507990
-0.102860 -0.798992 0.143742 -0.694130 0.830704 0.542488 -0.986545 0.878753 -0.758968 -0.548923 -0.611658 -0.368503 -0.974535 -0.008264 -0.853451 -0.300776 -0.827678 0.326482 -0.706774 0.244027 0.195240 -0.603448 -0.580066 -0.403460 -0.412154 -0.449877 0.099900 -0.458133 -0.112137 -0.168034 -0.549015 0.846010 0.383656 -0.357294 0.216602 0.259750 0.376122 0.949976 0.390153 -0.667083 -0.305773 -0.232947 -0.925921 0.116689 -0.997089 0.483975 0.615521 0.670336 0.436626 0.338154 0.332811 -0.906218 -0.054410 -0.977384 0.657749 -0.377035 -0.765541 -0.963250 0.208414 0.091863 0.608544 -0.581988 0.537891 0.476831
0.027483 0.087976 0.897039 0.386746 -0.110368 -0.696896 0.216161 0.941652 0.384098 -0.586707 -0.526540 -0.735698 -0.620253 -0.400038 0.006275 -0.893156 -0.135995 0.439669 -0.034064 0.193162 0.358998 0.398583 0.678191 0.258403 0.731305 -0.600616 -0.709481 -0.799480 -0.448646 -0.905909 -0.201319 -0.761390 -0.193444 -0.090356 0.975577 -0.372921 -0.059233 -0.045186 0.422336 0.452819 -0.886590 0.783425 0.837068 -0.840143 -0.421449 0.645749 0.458389 -0.157551 0.607813 -0.735459 -0.503606 0.152436 -0.273396 -0.724264 0.479726 -0.740520 0.111048 -0.567836 -0.197430 0.625202 -0.916940 -0.132055 -0.911966 0.774199
0.266575 -0.983971 -0.758634 0.173283 0.976873 0.481560 -0.713675 0.216620 0.377119 -0.079864 -0.065018 -0.537470 0.298535 -0.215154 0.433216 -0.733904 -0.302366 -0.014007 -0.356639 0.962965 -0.725876 0.494333 -0.436968 -0.341245 -0.751289 0.122120 0.190486 -0.299218 0.772630 0.524178 -0.187711 0.194236 -0.701184 -0.009917 -0.185198 0.939015 0.621720 -0.380806 -0.104710 0.727385 -0.156801 -0.967929 0.599554 0.007936 -0.251082 -0.991264 0.358781 -0.819668 -0.812221 -0.306278 -0.876323 -0.488680 -0.509410 -0.115325 0.419310 0.463846 -0.805852 0.388793 -0.064924 0.445364 0.867152 0.285972 0.151158 0.928848
0.695225 -0.570384 0.770349 -0.610383 0.214546 0.341105 0.093877 0.373330 -0.628529 0.492184 -0.051904 0.084122 -0.988042 0.127324 0.206940 -0.516209 0.634759 0.207409 0.572268 0.131045 -0.421808 0.737154 -0.355680 0.630954 0.791539 0.234623 -0.626337 -0.053204 0.866104 0.441860 0.303411 -0.523403 0.150463 0.983151 0.233695 0.596752 -0.413330 -0.406155 0.209300 0.778916 0.345336 -0.357836 0.685482 -0.746325 0.829677 -0.127165 0.244671 0.918797 -0.992440 0.577205 -0.573112 0.546914 0.250834 0.827222 -0.065121 0.878467 0.451953 -0.932460 0.857160 -0.943446 -0.993102 -0.895280 -0.930894 -0.661069
-0.391529 -0.830371 0.280626 -0.404978 0.795614 0.350795 -0.053514 0.012679 -0.159504 0.852007 -0.140600 0.685539 -0.190324 0.324719 0.693899 -0.192920 -0.475256 -0.858052 -0.465468 0.291378 0.045437 0.174149 0.358782 0.677286 0.684227 -0.845226 0.412131 0.178555 -0.370012 0.733551 0.600871 0.647092 -0.126963 -0.736424 0.180955 -0.797141 0.437202 0.869121 0.301833 0.820459 -0.423367 -0.544043 0.399606 -0.099140 0.975420 -0.725059 0.183157 0.830840 -0.399658 0.858288 -0.204617 0.008031 0.694489 0.052711 -0.742464 0.285920 -0.884383 0.945062 -0.224134 0.395057 -0.600143 0.151069 -0.388105 0.149909
